100
2 4
10 5
3 12
7 7 7
3 12
4 2 1
5 1000000000
25 25 25 25 25
2 2
1 1
5 5
1 1 1 1 1
5 448257424
1 2 3 4 5
5 915742169
18 7 21 11 25
5 985243559
22 22 22 22 22
5 413630935
8 8 8 8 8
5 684018487
17 17 17 17 17
5 971866956
2 2 2 2 2
5 194530482
9 9 9 9 9
5 841280699
13 13 13 13 13
5 325875966
6 6 6 6 6
5 484470058
15 15 15 15 15
5 499288178
1 1 1 1 1
5 83070141
24 24 24 24 24
5 25190229
16 16 16 16 16
5 877715086
4 4 4 4 4
5 397504028
16 16 16 16 16
5 721893665
8 8 8 8 8
5 307736838
2 2 2 2 2
5 38653472
18 18 18 18 18
5 845605345
4 4 4 4 4
5 219864072
19 19 19 19 19
5 196499208
3 3 3 3 3
5 491444615
14 14 14 14 14
5 463845455
18 18 18 18 18
5 960087480
1 1 1 1 1
5 276969406
23 23 23 23 23
5 316633786
16 16 16 16 16
5 934309264
3 3 3 3 3
5 525696420
1 2 3 4 5
5 190502667
1 2 3 4 5
5 86774319
1 2 3 4 5
5 460182935
1 2 3 4 5
5 735587141
1 2 3 4 5
5 880950731
1 2 3 4 5
5 284319449
1 2 3 4 5
5 819911876
1 2 3 4 5
5 280830287
1 2 3 4 5
5 810440653
1 2 3 4 5
5 73361219
1 2 3 4 5
5 409760709
1 2 3 4 5
5 584986571
1 2 3 4 5
5 854834671
1 2 3 4 5
5 763137630
1 2 3 4 5
5 794208681
1 2 3 4 5
5 300064385
1 2 3 4 5
5 446642582
1 2 3 4 5
5 618185606
1 2 3 4 5
5 487704500
1 2 3 4 5
5 815350504
1 2 3 4 5
5 541638508
1 2 3 4 5
5 459718297
1 2 3 4 5
5 77480324
1 2 3 4 5
5 688136600
1 2 3 4 5
5 702397196
17 5 21 21 25
5 718995930
20 8 15 11 6
5 164111566
18 25 9 1 6
5 219046625
3 6 14 22 23
5 220552328
3 4 16 21 19
5 915125680
2 22 4 11 1
5 859913013
12 21 13 10 23
5 753791889
4 15 22 17 14
5 26132599
23 25 5 1 7
5 61995842
1 8 8 15 10
5 588147518
19 2 15 18 9
5 301054055
20 8 18 21 3
5 870681110
5 1 1 21 20
5 30224033
12 23 4 23 5
5 1162039
17 22 5 6 6
5 369677734
19 9 8 9 23
5 705688706
22 7 6 8 1
5 372636344
4 15 12 9 2
5 274883779
20 18 10 20 24
5 983396205
5 11 21 12 3
5 265112709
17 18 7 5 1
5 419770615
6 2 25 14 23
5 630074509
6 6 22 25 2
5 147760084
8 3 6 4 9
5 352090241
3 12 6 10 15
5 115639318
12 11 3 2 13
5 598926679
21 22 14 7 5
5 86819779
12 4 2 19 4
5 196028879
10 5 9 19 14
5 6706534
20 18 10 8 21
5 625555584
5 24 17 14 1
5 294038688
7 11 10 13 20
5 740871056
16 7 1 20 10
5 388413666
10 6 1 10 22
5 435368237
21 5 22 10 13
5 574897044
9 17 24 8 20
5 621898919
25 8 6 6 20
5 672883527
13 19 5 5 24
5 136183634
22 4 11 2 23
5 835406950
15 20 9 9 22
5 89605495
24 22 20 17 14
5 794785261
21 9 25 15 2
