100
10 430
184 237 396 430 228 379 209 181 224 368
5 337
296 1 200 224 80
5 586
358 425 275 327 585
6 645
347 21 298 602 43 624
10 465
447 323 161 363 29 44 19 19 111 457
5 474
434 135 143 276 363
10 700
1 1 1 1 1 1 1 1 1 1
10 600
93 224 599 76 233 62 104 150 285 205
10 477
250 432 369 200 250 443 432 250 369 443
10 480
333 353 52 147 151 348 127 428 132 329
6 307
298 23 284 118 9 189
9 411
372 316 321 282 358 392 176 411 291
10 242
62 188 114 20 232 88 74 2 73 193
6 140
67 74 27 4 137 114
10 55
9 42 28 18 45 28 45 45 41 28
1 322
196
10 88
79 56 21 78 60 61 79 22 31 54
1 352
160
7 578
576 378 378 513 513 455 378
10 158
50 157 37 83 141 150 89 77 43 59
5 359
135 189 174 261 327
10 15
14 7 14 3 2 3 8 10 1 4
5 369
276 267 129 295 321
10 106
40 22 15 37 12 71 93 88 4 104
10 598
118 366 442 13 549 40 353 250 563 139
8 321
321 209 144 111 313 227 133 306
6 415
371 337 305 190 316 234
3 232
231 5 23
1 599
141
10 372
308 226 15 43 365 293 189 11 10 30
6 458
29 81 430 71 378 388
5 484
323 323 31 31 323
10 1
1 1 1 1 1 1 1 1 1 1
8 37
21 21 16 16 23 14 20 17
10 127
120 98 26 97 68 77 34 16 123 86
3 662
195 378 260
8 598
389 479 379 450 582 396 478 222
10 166
4 70 48 3 130 59 35 149 32 84
8 281
230 119 100 218 165 114 112 180
2 390
321 203
8 578
428 414 453 505 490 505 564 457
4 645
186 62 533 616
8 639
23 451 157 38 23 451 157 81
5 595
475 583 475 583 475
7 573
162 310 499 565 259 477 435
10 614
270 336 192 115 402 498 124 262 137 97
10 237
41 82 32 197 144 94 156 168 70 206
8 548
138 206 544 31 342 517 4 410
3 245
117 217 149
6 528
321 138 430 98 390 207
6 612
238 480 432 450 485 569
6 418
329 302 141 284 189 143
10 333
208 100 237 124 194 324 225 294 223 76
4 265
250 121 254 183
10 683
398 605 109 361 621 561 395 617 481 501
6 395
281 229 204 289 146 232
10 363
35 265 93 75 200 31 55 12 122 83
4 76
20 50 58 24
8 175
80 128 30 93 149 165 80 19
10 601
217 506 498 427 274 154 99 463 64 215
10 629
551 471 215 475 560 591 433 384 342 602
10 353
158 274 64 79 45 308 155 198 289 195
10 230
75 115 221 201 62 126 125 137 64 170
10 606
404 324 434 200 223 272 4 580 251 414
6 470
372 215 430 372 293 372
9 358
148 274 261 337 123 138 355 294 341
6 13
10 9 1 3 4 12
6 70
9 17 61 67 3 53
10 444
295 337 331 262 317 326 153 383 419 405
8 507
305 417 310 389 268 214 217 231
7 402
286 148 286 148 148 286 300
10 352
48 245 172 352 334 165 191 204 67 181
10 84
77 3 23 62 27 49 37 27 29 19
10 368
150 256 29 195 216 295 147 131 246 186
9 614
580 319 593 337 538 213 380 334 500
6 635
31 341 308 341 308 31
5 179
94 139 25 14 36
9 309
197 141 126 307 206 280 256 103 308
10 187
186 116 115 27 110 169 107 183 5 101
10 424
243 293 95 226 406 109 294 90 201 80
5 451
108 221 370 367 156
7 381
312 316 368 341 340 296 331
7 361
355 209 137 293 134 272 266
10 512
423 421 77 192 385 113 277 240 449 251
5 607
280 417 324 425 324
10 196
131 133 31 105 145 89 111 51 81 177
3 410
28 296 360
10 187
187 121 27 129 62 25 36 74 125 33
4 249
156 147 176 19
10 537
245 269 502 156 316 32 293 240 3 40
5 568
533 535 390 416 483
8 568
15 514 553 554 553 514 370 370
10 9
4 2 6 7 1 7 5 8 5 6
5 492
423 423 119 119 119
6 644
54 590 548 96 28 616
10 296
127 134 38 103 121 4 252 120 290 262
6 367
164 171 191 261 57 367
10 4
3 3 1 2 3 3 3 2 4 4
10 558
143 395 332 439 379 280 400 265 49 411
10 444
12 152 234 434 321 128 215 265 310 17
