20
58 0.239 0.204 0.010 0.535 0.911 0.130 0.369
47 0.919 0.906 0.703 0.151 0.851 0.311 0.505
32 0.958 0.820 0.554 0.677 0.849 0.905 0.797
62 0.740 0.653 0.323 0.642 0.837 0.773 0.610
1 0.800 0.100 0.500 0.500 0.500 0.500 0.500
7 0.845 0.096 0.965 0.401 0.698 0.213 0.703
2 0.600 0.200 0.500 0.100 1.000 0.100 1.000
15 0.514 0.308 0.711 0.295 0.287 0.827 0.991
75 0.583 0.469 0.241 0.940 0.053 0.770 0.129
66 0.820 0.682 0.189 0.313 0.558 0.181 0.919
1 1.000 0.000 1.000 1.000 1.000 1.000 1.000
12 0.915 0.628 0.785 0.748 0.986 0.089 0.091
85 0.705 0.704 0.874 0.098 0.324 0.252 0.534
5 0.360 0.102 0.939 0.331 0.806 0.837 0.328
2 0.180 0.156 0.548 0.790 0.004 0.311 0.019
89 0.812 0.547 0.657 0.131 0.302 0.379 0.955
27 0.828 0.611 0.901 0.082 0.043 0.435 0.723
40 0.763 0.659 0.378 0.149 0.117 0.487 0.657
28 0.918 0.381 0.851 0.346 0.278 0.369 0.757
58 0.667 0.638 0.471 0.028 0.597 0.439 0.945
