100
3 8
5 6 9 4 8 2 1 7
3 1
2
3 10
2 4 8 16 32 64 100 100 100 100
3 10
1 4 4 4 4 4 4 4 4 4
100 1
100
3 5
11 20 60 22 100
2 10
100 100 100 100 100 100 100 100 100 100
3 5
100 100 100 100 100
3 4
1 6 12 49
2 6
9 64 19 16 81 80
1 10
100 100 100 100 100 100 100 100 100 100
1 10
1 1 1 1 1 1 1 1 1 1
2 5
2 2 43 90 17
5 6
40 14 70 5 27 3
10 9
5 12 47 59 36 15 88 50 43
1 2
44 29
24 6
38 21 33 9 4 2
2 7
46 26 2 56 79 60 1
1 5
20 4 23 40 1
12 5
73 8 3 18 36
6 2
2 9
4 6
20 29 18 77 3 13
15 5
60 6 1 18 45
1 6
25 59 18 82 1 69
1 9
8 1 7 9 3 23 34 25 84
24 6
1 17 1 40 6 3
6 1
31
2 5
7 17 77 13 12
7 4
49 17 27 3
7 3
11 1 81
10 4
24 3 98 2
11 5
76 28 89 27 5
23 2
7 29
7 5
1 54 99 66 38
9 2
21 1
1 3
1 31 1
6 2
97 3
10 4
87 4 8 41
7 7
1 43 51 2 79 1 3
12 5
87 5 5 62 3
5 6
60 50 1 18 1 2
1 3
28 17 4
5 9
3 4 4 81 13 12 15 80 1
1 9
84 19 68 58 45 2 39 53 27
5 5
27 4 27 43 26
1 5
81 62 4 79 15
1 6
18 15 1 33 69 1
21 5
90 24 46 48 39
10 2
16 23
18 3
6 91 29
4 3
22 28 11
2 7
67 10 1 44 97 19 55
7 4
5 1 21 17
22 8
9 16 3 4 49 29 24 68
17 4
38 15 27 23
1 6
79 1 6 16 40 78
4 2
28 1
5 2
26 31
15 7
76 4 44 51 10 9 29
5 6
21 71 47 3 13 49
1 3
72 1 98
6 8
7 31 23 86 22 57 18 43
1 1
9
1 7
63 64 2 78 56 47 17
1 7
14 53 23 46 74 6 26
2 4
1 4 1 49
7 1
30
8 4
79 4 14 99
11 1
44
9 8
56 36 17 99 80 17 62 40
10 9
32 1 8 7 95 6 49 22 25
8 9
49 68 27 1 26 93 33 19 43
5 4
19 30 3 22
8 3
15 82 37
15 6
58 3 1 80 42 1
21 1
50
8 8
16 85 1 22 80 19 42 33
1 4
14 5 40 5
10 3
41 46 21
9 6
65 28 33 36 44 19
7 6
27 5 20 1 51 18
5 5
4 95 30 23 35
1 9
25 40 65 47 77 2 6 56 21
1 2
60 76
1 1
70
7 3
46 53 58
15 6
38 6 81 45 86 78
2 3
16 40 35
8 1
1
14 5
23 22 17 89 2
8 2
11 2
22 7
2 59 3 19 1 76 2
8 7
53 16 5 8 64 36 36
2 2
79 1
8 5
35 99 1 98 32
9 8
95 1 8 32 7 12 41 39
21 2
1 53
2 8
18 3 86 1 79 26 32 45
7 3
86 5 90
21 5
32 25 4 38 16
