20
35277 38250 2 199 1349 28136 16549 49 90 40 96
9883 7515 100 76 1000000 9567 1921 35 86 77 52
1078 5052 143 146 1000000 857 568 15 20 2 7
38850 37146 6 132 1443 28733 35729 1 38 55 58
4718 7077 134 115 1000000 3964 4597 7 20 29 77
490 844 318 332 275 241 434 79 99 34 80
192 223 29 170 28 25 108 89 74 40 51
38095 39579 180 6 1507 11485 32227 86 32 39 26
943 715 356 144 449 893 533 86 24 28 90
4 4 2 2 1 0 2 1 2 3 4
24576 30148 1171 1922 740 19787 13047 34 74 34 11
39843 39881 20522 20114 3 11897 5279 74 89 96 58
4 4 1 1 3 1 1 2 2 2 2
14 15 12 4 4 3 5 84 74 53 68
5134 2621 141 183 1000000 2309 282 36 56 66 26
36402 39273 278 35 1000000 11371 25106 51 98 33 54
39078 39880 20882 20735 3 22243 24336 53 36 6 40
5726 4567 144 121 1000000 454 3685 99 81 46 52
39527 38179 294 327 1000000 12899 20050 56 52 99 46
4886 4367 95 87 1000000 3493 4363 2 66 19 64
