100
300701 776 0
6 4 0
13 -2 2
1000000 -830 0
478179 0 552
335039 761 57
152267 331 221
621331 9093 1469
1000000 7236 0
997159 -1412 0
511775 -596 416
810900 0 1274
3 2 0
204716 -230 136
120772 402 88
732045 6344 5810
949348 -10000 10000
338549 7118 0
900339 10000 10000
358986 0 3606
1 0 2
64726 -162 198
994510 0 344
31124 0 250
774880 224 0
18 -5 1
211084 -5314 0
6 -2 0
1 1 1
750627 -527 697
593372 158 188
11 4 0
894676 1073 265
278443 -121 359
404192 -898 0
596909 -10000 8758
31625 0 252
966637 -22 1368
30168 82 72
466096 966 0
11 -4 0
241861 696 0
420789 -240 676
775634 0 1246
79717 -336 62
987909 -426 84
991681 7950 7576
587732 1084 0
693765 9048 2290
379614 0 8198
379151 738 0
470278 0 8704
94877 10000 9784
139370 528 0
743375 -199 331
354419 4922 0
479711 980 0
45 -6 2
20 -1 1
19 -3 3
532157 -1032 0
597870 0 1094
647649 -9508 0
15 0 0
553685 360 288
848460 -2908 0
159328 -25 231
393572 -782 0
904250 -1344 0
991926 0 5422
95702 0 438
310481 144 0
992097 4384 0
3033 7 71
1 0 0
40200 188 96
414996 -8211 653
402640 -181 715
454710 93 861
998197 1318 0
678225 4966 0
624924 910 0
763713 -388 848
319601 -800 0
11 0 4
643976 -1134 0
550724 0 1050
161613 366 0
271750 -483 253
193691 5596 0
832387 554 0
532737 1032 0
582880 8774 10000
10584 0 146
571531 918 150
1000000 1414 0
1034 0 46
264627 0 728
1000000 1414 0
800900 0 4058
