100
20 -5 1
10 4 0
13 2 2
5 0 4
12 -4 0
19 -6 0
13 0 0
3 0 0
1 0 2
1 2 0
18 -1 3
16 -4 0
11 0 4
17 -2 0
8 -4 0
20 1 1
17 2472 0
7 4 0
19 3 3
16 0 2
11 0 0
14 -352 0
12 -2 2
15 2 2
5 0 4
2 -2 0
7 -1 3
16 0 5630
13 -4 0
8 0 2526
14 -1 1
14 0 3232
12 1 3
11 -2 0
13 7034 6770
5 2 0
7 -1 3
5 1 1
11 -2 2
4 0 2
5 -1 1
5 9404 0
17 -5 1
14 0 4
18 -1 1
1 6 0
10 0 2
19 -2 0
11 4 0
5 -2 0
3 -1 1
9 -2352 0
9 -1 1
18 0 3016
2 6338 3556
7 4 0
9 -4 0
3 -2 0
19 0 2
5 1019 1871
12 0 0
19 -4 0
11 0 4
16 0 0
20 -3 3
1 0 2
9 1776 1000
15 0 0
5 0 2
19 -2 0
20 1 1
3 -2 0
15 0 4
19 -3 1
20 6 0
1 5304 6824
1 0 0
12 0 4
5 1 1
17 -1 3
1 0 2
8 -4 0
4 -1 1
10 0 370
9 2 0
4 0 2
4 0 0
6 3 1
4 0 2
5 2 0
12 0 0
17 2124 9462
19 6741 5091
14 2 0
14 0 4
10 1 3
11 2 2
2 2 0
8 -6742 0
18 6 0
