20
1000000000 100000
100000 1 0 1000000000
78 51
3 5 5 51230
112 73
1 5 3 64100
714311129 39521
9 5 9 999998192
131 74
1 9 10 78736
45068754 29153
2 9 5 999904402
1000000000 100000
1 1 0 2
98 59
6 30 524 98
59 26
14 19 681 59
186 75
68 16 539 186
28 21
6 5 1 85919
82 81
58 56 739 82
840698758 13331
8 7 10 999955808
693840425 90561
2 6 7 999957328
1000000000 100000
1 1 1 1000000000
249718282 93729
1 5 6 999917908
1000000000 100000
999999999 1 999999999 1000000000
1000000000 1
12 7 74 12
1000000000 100000
99999 1 99999 100000
164 96
76 2 193 164
