1000
18 75 8
38 36 53
21 57 20
67 12 75
47 32 85
49 11 58
19 78 93
81 88 84
66 30 100
51 82 15
75 83 75
2 67 55
91 65 22
99 99 99
9 67 98
45 94 28
54 31 99
97 96 54
18 89 10
34 59 57
16 81 32
35 81 8
77 75 53
71 28 11
47 39 84
70 91 100
68 47 78
22 14 70
66 96 69
86 89 75
61 9 64
13 55 55
42 63 85
0 55 55
54 83 44
84 40 70
4 92 13
41 85 37
97 58 73
52 72 19
7 68 97
25 69 7
74 35 91
16 20 13
5 20 37
57 48 78
72 45 65
33 56 65
56 80 4
15 48 19
48 38 28
82 24 95
47 85 3
46 13 67
77 89 75
86 92 88
32 38 20
98 57 37
4 17 11
11 30 40
18 57 73
45 12 15
11 99 88
65 39 45
53 100 79
62 24 38
91 63 31
40 58 61
80 78 67
95 82 27
29 2 60
76 70 22
68 6 13
92 100 81
31 47 82
67 94 53
7 78 53
79 6 20
61 56 2
59 8 29
94 24 53
61 34 14
13 9 61
85 9 98
29 42 62
10 36 76
20 71 63
40 47 81
41 31 52
32 43 54
79 8 72
2 57 53
34 10 100
45 39 5
84 75 56
12 25 45
59 78 24
64 85 30
33 60 68
1 23 28
30 60 84
76 86 17
4 25 17
84 48 1
34 44 91
52 71 98
28 13 37
93 79 38
12 65 66
33 61 4
19 38 41
82 79 96
36 41 40
16 86 48
11 5 82
65 89 98
54 99 95
100 39 9
32 94 82
0 33 60
71 52 15
84 32 46
73 100 14
33 58 9
25 18 17
44 62 13
66 22 24
67 45 84
87 12 14
100 91 42
87 15 84
80 80 99
20 46 23
27 81 7
56 83 72
54 47 14
28 95 81
96 23 25
73 7 6
10 9 17
41 20 71
47 92 81
2 94 46
73 93 3
79 87 63
68 31 60
35 22 38
93 40 71
83 39 80
76 5 76
22 34 52
5 92 68
63 4 15
41 35 64
35 29 87
17 17 24
28 74 83
38 91 22
6 54 76
76 9 32
79 48 79
64 25 83
17 69 21
2 47 93
39 5 87
10 55 4
85 55 91
100 23 20
18 82 44
34 85 73
84 90 1
76 47 70
84 5 4
89 11 13
69 11 77
89 80 24
4 38 5
92 31 9
100 89 96
72 9 77
92 4 28
94 20 21
54 69 77
22 61 99
15 87 67
97 76 47
12 83 57
93 73 82
100 61 33
18 56 55
33 44 96
46 100 80
0 89 69
22 20 89
91 88 3
79 100 64
95 21 59
90 76 61
0 10 42
79 29 41
57 14 13
89 21 73
87 66 72
13 64 55
81 16 88
41 87 80
36 64 15
69 62 92
90 93 62
71 75 75
45 58 69
39 72 57
4 57 29
20 46 39
75 46 17
98 80 87
57 64 92
8 92 17
82 56 91
80 74 70
53 66 72
6 74 32
33 35 34
77 67 94
67 23 25
55 82 21
35 55 45
40 5 31
26 91 40
76 87 22
26 92 27
21 99 3
38 18 74
32 10 75
11 10 80
69 39 59
58 99 46
55 98 32
33 55 85
14 19 22
86 98 75
23 7 39
82 32 14
58 58 81
60 68 69
28 11 21
30 83 16
14 89 2
48 55 54
35 68 35
76 21 60
60 52 78
38 20 36
8 13 21
100 26 16
86 15 32
28 9 52
31 30 58
55 94 47
50 96 59
44 19 7
42 12 84
25 43 2
39 68 98
72 21 28
60 5 38
49 34 10
16 20 69
39 68 89
97 7 12
83 21 71
61 55 7
37 87 64
82 93 96
84 79 48
23 65 87
88 17 100
1 55 20
91 35 47
22 2 57
63 75 34
9 3 8
43 81 99
34 15 71
73 4 82
68 45 5
2 72 59
34 21 80
40 29 7
29 72 80
63 90 6
71 75 25
83 27 46
30 64 33
37 24 17
57 61 15
22 21 46
87 37 36
6 57 10
98 6 75
32 67 10
80 2 41
81 58 33
99 3 95
38 8 35
6 33 77
51 66 33
18 69 54
38 87 35
12 39 71
38 3 52
91 77 63
25 40 82
86 22 44
20 39 43
100 17 30
16 10 4
94 29 22
31 9 89
77 41 62
82 45 77
84 58 8
34 14 7
12 55 55
17 31 57
14 60 30
4 1 83
83 62 4
4 90 64
19 77 72
14 33 90
10 55 27
100 55 38
20 62 88
70 67 75
80 25 64
65 18 82
37 73 10
10 33 21
65 34 26
75 53 41
82 28 71
46 18 82
19 13 36
54 7 5
42 62 90
91 96 80
57 53 73
15 81 62
48 59 23
74 13 7
51 9 46
57 28 81
100 31 47
70 59 36
49 86 5
60 83 20
2 42 20
46 60 87
12 88 91
65 77 76
89 84 47
85 73 70
50 27 13
25 12 74
31 40 41
3 82 67
51 76 26
84 71 12
52 10 20
75 28 25
27 23 13
76 45 72
87 93 35
13 66 1
48 86 21
100 89 79
29 21 13
99 70 27
12 85 59
95 44 79
42 33 8
100 27 67
78 12 26
82 86 16
52 37 89
67 10 77
63 53 74
0 68 90
60 86 100
36 93 63
91 59 33
59 75 48
54 28 35
74 32 14
59 83 100
38 96 19
48 46 58
19 53 6
27 61 19
75 33 74
2 64 93
98 29 77
90 58 66
83 81 21
45 58 33
27 63 72
63 97 5
36 98 30
44 4 23
2 96 76
70 35 40
49 78 52
29 37 5
15 72 4
60 81 83
4 99 34
54 72 3
29 35 24
57 92 78
23 66 83
43 48 99
51 65 58
7 56 41
90 69 60
61 12 61
23 21 97
4 11 83
18 61 15
6 68 91
21 89 97
67 43 16
49 43 41
76 23 47
67 83 21
82 35 76
61 11 30
75 69 6
9 10 84
69 44 38
61 11 97
72 17 12
0 32 79
44 35 57
38 15 17
48 19 14
31 83 25
65 88 97
97 87 65
51 39 32
73 32 97
23 60 91
94 29 61
88 55 34
29 21 89
4 8 40
66 89 30
46 13 25
61 38 36
45 54 78
52 68 11
75 97 39
87 20 40
80 60 28
69 25 52
12 98 95
59 96 91
0 44 99
6 37 12
63 5 13
27 56 28
13 99 9
45 70 62
73 67 79
91 86 25
94 7 87
67 67 62
77 83 32
98 23 27
22 95 30
44 71 96
90 22 23
13 62 100
62 46 8
4 87 25
19 23 85
7 52 70
25 63 58
48 100 7
66 75 25
24 26 19
74 76 22
7 79 5
89 99 82
50 65 61
37 87 8
60 29 94
44 33 42
22 41 17
25 93 2
16 66 96
87 5 14
54 8 62
67 45 63
64 70 73
39 42 75
83 53 23
27 5 38
52 39 2
61 58 61
87 28 17
10 33 56
13 28 46
14 63 94
70 87 37
38 13 28
75 40 70
34 44 71
61 53 3
62 18 5
59 72 79
49 79 11
0 53 42
11 78 3
22 84 76
43 47 33
18 18 95
14 30 25
73 9 85
74 86 76
15 27 85
24 29 11
100 91 18
32 46 61
11 97 8
0 30 70
63 47 47
19 15 33
38 42 11
79 20 6
24 1 68
80 53 38
16 97 9
11 69 57
85 85 34
57 52 31
96 100 18
13 15 91
63 18 95
15 14 85
3 75 98
95 52 21
35 57 4
6 36 66
11 83 30
100 90 10
92 82 14
82 19 81
76 77 73
19 8 1
65 42 19
10 67 92
95 33 26
87 81 48
83 45 78
18 66 28
50 36 93
10 72 100
22 42 25
67 58 20
10 5 43
74 27 60
62 17 11
93 5 46
43 82 22
53 5 47
85 70 9
99 62 71
42 7 15
56 56 52
52 69 42
48 64 69
23 35 44
57 75 37
51 61 55
50 69 97
87 63 16
77 97 48
28 44 77
81 14 29
43 99 74
99 95 91
38 68 94
75 23 60
94 30 1
1 73 59
97 83 99
45 83 96
1 90 31
67 60 99
73 35 23
37 54 52
46 54 18
96 46 59
46 69 58
7 34 65
33 84 61
10 32 14
99 77 4
72 68 30
79 70 92
25 85 66
100 6 31
93 6 84
8 31 78
37 43 86
82 42 37
61 6 25
5 85 97
31 10 68
71 87 7
18 13 17
90 78 19
100 18 7
87 57 12
19 41 36
97 18 34
60 2 68
2 98 62
41 58 27
19 95 1
30 41 28
70 100 38
89 86 90
72 82 11
12 3 26
15 100 82
2 77 57
56 91 37
23 24 41
38 27 52
77 31 9
85 74 65
96 80 66
56 82 23
97 40 45
53 85 73
57 87 8
57 75 18
100 89 76
61 29 41
16 48 34
31 57 62
61 63 52
77 28 9
37 33 18
81 38 96
8 58 1
28 16 5
73 6 68
49 35 2
0 2 42
100 98 41
79 74 13
56 87 92
80 33 25
37 62 67
52 29 5
35 16 42
94 62 11
10 33 33
23 1 19
21 81 30
32 47 87
44 52 32
53 80 34
18 75 3
19 32 19
73 41 26
42 67 86
59 98 12
61 87 41
99 92 73
79 48 76
69 77 100
67 19 16
72 40 83
80 22 42
93 81 97
59 19 85
5 19 45
60 81 24
88 5 55
78 100 69
37 29 63
42 67 14
76 82 99
58 18 38
84 30 23
47 74 14
65 70 12
2 21 41
1 45 6
40 29 19
93 54 6
86 82 81
99 10 38
13 9 38
32 27 27
48 69 67
86 7 52
90 24 63
98 22 42
43 54 4
15 28 37
13 35 36
76 58 19
46 100 56
6 97 77
97 14 17
34 54 33
14 78 60
41 26 27
67 68 52
0 20 21
12 72 83
44 5 97
59 43 87
9 67 78
77 46 98
1 94 5
77 23 24
32 71 93
90 37 82
33 36 11
75 31 59
21 26 87
1 12 64
13 62 69
75 68 11
25 54 15
50 22 39
23 68 11
49 18 95
47 53 21
98 39 27
91 61 19
1 95 53
15 90 92
42 33 100
14 12 58
6 90 18
11 72 92
45 62 57
75 18 15
30 86 56
53 48 96
85 71 33
47 8 15
42 58 87
84 95 42
71 35 27
90 69 64
42 73 40
43 58 83
28 43 83
100 66 7
8 100 13
90 98 72
75 9 23
57 71 100
31 9 91
53 3 4
58 16 65
35 64 17
73 43 35
23 79 47
26 4 85
64 38 29
77 76 20
24 89 95
74 92 31
78 56 13
62 57 13
94 11 37
40 32 40
51 16 83
47 2 34
38 86 11
54 93 10
94 75 65
86 54 55
67 89 59
47 68 48
37 13 100
66 16 67
56 35 42
99 60 89
13 82 4
8 44 91
53 76 77
45 24 72
16 58 27
53 97 9
71 86 34
15 81 30
41 67 73
61 71 58
20 94 40
58 36 22
81 4 75
79 91 11
51 34 61
66 15 25
8 78 93
86 41 9
96 28 17
30 15 68
56 22 38
5 4 81
70 70 72
7 54 41
32 60 75
6 53 79
20 73 91
82 70 56
99 58 92
53 89 74
77 75 10
20 41 6
100 1 1
95 62 96
80 70 89
77 18 99
62 67 78
78 13 34
26 7 46
24 60 67
6 54 76
79 13 6
52 60 75
97 10 91
4 47 5
68 55 29
39 12 84
35 35 60
98 41 60
74 83 52
40 9 35
48 39 20
94 6 97
41 32 82
11 60 98
85 93 63
37 3 58
50 20 90
7 38 80
55 71 19
88 98 52
67 60 11
70 15 34
41 5 75
11 32 65
47 1 94
30 57 67
69 3 81
88 64 68
89 8 11
1 22 6
59 22 76
90 77 46
61 30 32
5 34 58
86 67 92
31 9 97
97 44 64
60 57 42
43 9 84
69 82 83
56 92 59
97 82 93
64 16 62
45 38 11
67 88 33
59 60 85
37 77 96
6 23 99
60 34 72
40 76 92
70 44 46
16 88 96
55 71 46
47 12 95
57 76 70
7 13 96
67 48 15
57 85 91
44 31 91
39 94 64
94 13 95
58 20 9
83 15 78
4 64 27
31 37 19
93 8 68
76 85 40
49 60 88
85 33 65
95 85 81
8 64 34
91 86 32
14 84 31
29 11 42
54 84 77
90 14 81
55 84 13
35 9 73
97 24 78
66 90 100
4 78 15
29 90 66
74 24 4
52 90 42
12 8 16
60 98 27
46 74 16
82 89 7
72 96 80
1 74 53
19 87 86
43 41 16
76 78 55
93 94 28
19 32 69
73 29 39
78 28 94
45 61 96
15 73 20
86 75 33
55 68 37
93 68 55
41 54 55
95 61 13
52 44 12
38 2 57
36 60 91
74 3 72
50 91 58
0 20 25
98 69 74
37 21 1
83 25 47
4 99 54
73 79 96
44 65 58
91 41 56
16 79 40
29 25 59
30 29 57
43 72 63
64 15 25
56 30 6
8 3 76
31 8 81
71 81 41
80 65 25
16 54 82
61 85 22
10 37 85
5 77 3
0 99 43
48 21 33
48 62 3
97 16 13
55 94 1
85 84 21
0 65 91
26 2 42
89 74 71
14 65 87
78 12 41
63 42 23
83 41 63
98 31 67
82 55 91
83 77 15
22 97 31
16 43 68
30 61 23
50 45 96
30 44 90
23 3 100
70 72 24
49 32 95
19 80 12
28 88 81
33 70 76
68 88 23
62 44 84
2 76 15
