100
9 1 3
3 3 5
2 10 1
1 15 11
16 1 6
15 1 12
16 1 5
6 1 3
2 8 5
1 17 7
1 16 8
1 11 6
1 3 2
1 19 19
2 3 4
20 1 5
11 1 10
4 2 4
2 3 1
5 2 3
1 14 6
3 3 6
1 8 2
15 1 3
3 5 7
1 20 9
10 1 6
1 18 13
4 4 10
15 1 5
3 3 8
3 3 9
5 4 10
4 1 4
4 4 2
10 1 8
2 9 12
1 16 10
5 3 14
14 1 4
1 11 9
1 2 1
3 3 5
8 2 6
4 1 2
4 1 3
9 1 2
14 1 1
6 1 3
1 5 5
10 1 4
1 13 1
1 8 2
3 5 13
3 1 2
3 4 10
18 1 17
1 10 5
4 4 12
6 1 1
7 1 7
19 1 8
1 10 9
9 1 3
1 16 12
1 19 5
3 4 4
2 2 4
4 1 2
8 2 6
5 1 1
2 8 4
3 5 10
4 5 14
3 4 6
5 2 4
1 11 3
1 11 2
7 1 4
18 1 15
11 1 2
4 5 14
9 2 11
5 4 16
2 5 8
7 2 12
2 6 3
7 1 5
4 4 10
8 1 3
14 1 12
1 9 1
4 4 14
2 7 1
1 5 5
5 1 2
20 1 20
20 1 17
5 3 5
1 5 2
