100
6 2 0 2 0 2 0
3 1 0 2 0 0 0
6 2 0 1 1 2 0
4 0 0 2 0 0 2
7 2 1 2 1 0 1
1000 333 0 334 0 333 0
3 0 0 1 0 0 2
1000 1 0 499 0 500 0
141 30 25 17 28 26 15
13 3 1 3 2 3 1
881 79 15 346 79 18 344
999 499 0 500 0 0 0
666 59 4 272 58 4 269
4 0 1 0 0 3 0
7 0 1 2 0 3 1
508 3 38 214 0 41 212
8 2 1 2 1 1 1
380 120 0 113 0 147 0
735 618 0 53 0 64 0
904 28 137 288 26 139 286
312 20 97 40 19 98 38
999 1 249 250 0 250 249
7 2 1 1 1 2 0
999 499 0 1 0 499 0
5 3 0 2 0 0 0
75 14 2 24 12 2 21
4 1 0 2 0 1 0
6 3 0 3 0 0 0
662 42 220 70 42 220 68
999 250 0 249 0 500 0
3 0 1 0 0 2 0
12 3 1 3 1 3 1
1000 500 0 0 500 0 0
997 3 248 249 0 249 248
6 3 1 0 0 2 0
4 1 0 2 0 0 1
555 61 210 6 60 212 6
4 0 1 2 0 0 1
188 35 44 15 34 46 14
669 17 222 96 15 224 95
999 167 166 167 166 167 166
932 73 179 214 72 181 213
799 294 22 85 292 23 83
5 1 0 2 0 1 1
397 104 2 95 101 3 92
647 108 70 147 105 73 144
5 0 1 2 0 1 1
992 181 292 25 178 294 22
6 1 0 3 0 2 0
1000 501 0 0 0 499 0
999 0 0 499 0 0 500
413 59 89 61 56 90 58
5 0 0 3 0 0 2
4 2 0 1 0 1 0
16 3 2 3 3 3 2
4 0 0 2 0 2 0
539 131 73 68 129 73 65
8 1 1 2 1 2 1
566 19 0 393 0 154 0
1000 0 0 500 0 500 0
571 133 93 61 132 93 59
5 2 0 0 2 1 0
7 2 0 1 1 3 0
7 2 0 2 0 3 0
996 250 248 0 248 250 0
3 1 0 1 0 1 0
942 206 0 362 0 374 0
672 318 15 3 318 17 1
6 2 1 0 1 2 0
998 250 0 250 249 0 249
7 2 2 0 1 2 0
5 2 0 0 1 2 0
50 8 11 8 7 11 5
998 166 166 167 166 167 166
8 2 1 1 1 2 1
7 2 1 0 1 2 1
7 0 1 2 1 2 1
15 3 2 3 2 3 2
4 1 0 1 0 2 0
662 185 137 10 184 138 8
5 1 0 3 0 1 0
15 0 0 7 0 1 7
482 65 57 120 64 58 118
4 1 0 0 0 3 0
999 332 1 332 1 332 1
646 610 0 18 0 18 0
1000 250 0 250 0 500 0
999 250 0 499 0 250 0
6 2 0 2 0 1 1
784 350 3 40 348 4 39
14 3 1 3 2 3 2
999 333 0 333 0 333 0
3 3 0 0 0 0 0
593 40 40 217 38 42 216
9 2 0 2 1 3 1
1000 250 249 2 249 250 0
491 235 0 114 0 142 0
8 2 1 2 1 2 0
999 0 0 500 0 0 499
7 2 0 2 1 2 0
