99
6 2 0 2 0 2 0
3 1 0 2 0 0 0
991 418 0 319 0 254 0
698 147 0 257 0 294 0
574 286 0 82 0 206 0
29 13 0 3 0 13 0
346 93 0 163 0 90 0
324 86 0 134 0 104 0
388 158 0 37 0 193 0
6 1 0 2 0 3 0
69 21 0 41 0 7 0
919 289 0 372 0 258 0
156 63 0 73 0 20 0
661 97 0 414 0 150 0
499 314 0 79 0 106 0
296 76 0 91 0 129 0
747 200 0 179 0 368 0
86 33 0 26 0 27 0
1000 250 0 250 0 500 0
798 225 0 262 0 311 0
1000 501 0 499 0 0 0
180 54 0 56 0 70 0
7 3 0 2 0 2 0
744 351 0 323 0 70 0
4 1 0 1 0 2 0
4 2 0 1 0 1 0
965 377 0 367 0 221 0
350 163 0 61 0 126 0
485 233 0 132 0 120 0
904 267 0 221 0 416 0
1000 500 0 499 0 1 0
833 237 0 296 0 300 0
4 1 0 2 0 1 0
531 125 0 253 0 153 0
846 478 0 198 0 170 0
992 323 0 210 0 459 0
656 89 0 243 0 324 0
999 499 0 499 0 1 0
452 216 0 174 0 62 0
5 1 0 1 0 3 0
700 336 0 69 0 295 0
976 475 0 204 0 297 0
999 249 0 250 0 500 0
159 57 0 24 0 78 0
4 0 0 2 0 2 0
677 311 0 298 0 68 0
130 102 0 2 0 26 0
169 40 0 81 0 48 0
352 128 0 127 0 97 0
586 289 0 245 0 52 0
253 93 0 120 0 40 0
4 2 0 2 0 0 0
45 19 0 4 0 22 0
86 34 0 25 0 27 0
539 257 0 108 0 174 0
709 143 0 290 0 276 0
1000 500 0 500 0 0 0
146 39 0 52 0 55 0
6 3 0 0 0 3 0
999 250 0 250 0 499 0
844 178 0 334 0 332 0
885 579 0 111 0 195 0
5 1 0 2 0 2 0
239 7 0 223 0 9 0
775 182 0 352 0 241 0
3 1 0 1 0 1 0
41 3 0 1 0 37 0
383 189 0 191 0 3 0
494 77 0 241 0 176 0
625 236 0 116 0 273 0
706 68 0 560 0 78 0
26 12 0 13 0 1 0
999 333 0 333 0 333 0
746 351 0 145 0 250 0
617 240 0 239 0 138 0
262 73 0 130 0 59 0
109 20 0 51 0 38 0
999 0 0 499 0 500 0
453 214 0 140 0 99 0
3 0 0 2 0 1 0
122 44 0 53 0 25 0
15 7 0 4 0 4 0
359 111 0 137 0 111 0
214 104 0 14 0 96 0
813 36 0 133 0 644 0
3 0 0 3 0 0 0
4 3 0 0 0 1 0
990 219 0 408 0 363 0
782 305 0 225 0 252 0
589 121 0 204 0 264 0
5 3 0 2 0 0 0
1000 333 0 334 0 333 0
189 41 0 77 0 71 0
21 8 0 9 0 4 0
949 393 0 107 0 449 0
711 311 0 313 0 87 0
767 353 0 180 0 234 0
299 141 0 93 0 65 0
428 93 0 139 0 196 0
