100
2 0.0008 37.1306
99.9999 40.4666
0.0005 37.0862
2 99.9997 79.8614
99.9995 76.5095
0.0005 83.2132
2 41.1767 36.3072
11.6596 1.0813
31.2406 1.0813
2 99.9998 44.9488
0.0006 1.6677
99.9997 44.9488
2 53.7181 96.0220
100.0000 96.0220
99.9999 96.0220
2 0.0004 94.4236
0.0007 94.4236
0.0009 25.3496
2 99.9998 56.5285
0.0007 34.2618
99.9995 56.8562
2 0.0001 87.6087
26.8391 75.8328
74.5982 99.3846
2 99.9993 40.2278
0.0004 52.2341
99.9991 28.2214
2 0.0009 8.1445
67.2788 8.1356
0.0006 49.4294
2 99.9993 57.4873
0.0004 23.2764
99.9991 91.6982
2 99.9993 97.8590
99.9992 53.2748
0.0008 98.0256
2 99.9998 52.4462
0.0005 52.7374
99.9999 10.0615
2 99.9990 78.0362
0.0009 69.9707
99.9991 78.0362
2 0.0007 44.6443
0.0011 80.9527
0.0008 44.5796
2 59.2327 2.7271
0.0001 98.3427
99.9992 2.7270
2 99.9999 78.3938
99.9991 78.2930
0.0004 99.8272
2 0.0001 53.6119
0.0004 53.6119
99.9992 19.7284
2 99.9999 63.7014
99.9992 63.7014
54.0062 85.8994
1 42.8311 99.9000
63.3277 15.9769
2 99.9995 28.7422
80.3785 0.1692
99.9999 28.7422
2 99.9992 66.8388
99.9996 66.8388
99.9992 29.9514
2 0.0008 89.1521
99.9991 89.0270
99.9994 92.6671
2 99.9990 9.6216
99.9992 52.9260
99.9993 9.6216
2 100.0000 75.6127
70.0263 75.6127
27.0364 27.7990
2 0.0003 20.3193
99.9998 26.5683
98.3878 14.0702
2 0.0003 74.7817
99.9995 75.3318
0.0007 15.1767
2 30.0000 65.4321
0.0001 50.0000
100.0000 99.9000
2 99.9996 11.6074
0.0006 11.6074
0.0003 38.7872
2 0.0008 74.1779
0.0004 74.1779
0.0006 82.0783
2 0.0007 73.5852
0.0004 25.9511
0.0007 73.5852
2 0.0007 53.5949
99.9993 71.9440
99.9994 35.2458
2 99.9994 36.0380
0.0001 64.6708
99.9998 36.0380
2 0.0002 75.5401
0.0004 75.8230
0.0001 23.1651
2 0.0003 47.3754
99.9998 73.2235
99.9999 47.3214
2 0.0010 65.8173
99.9995 65.8173
99.9997 69.7009
2 99.9991 11.6073
0.0008 45.9444
0.0009 11.5946
1 48.7235 0.1000
80.1516 85.5783
1 92.6758 91.7737
19.7079 91.7731
2 99.9992 71.8781
99.9998 74.4819
99.9996 71.7980
1 7.9156 87.7511
29.1396 87.7511
1 10.0000 50.0000
0.2000 50.0000
2 100.0000 65.1586
0.0001 65.1587
99.9999 65.1586
2 26.8674 74.9307
60.6640 22.7137
28.5913 74.9298
2 99.9996 58.7723
99.9998 13.7455
0.0007 58.7723
2 37.1703 0.1000
65.3125 69.8652
52.3295 0.1000
2 99.9999 34.9995
0.0003 47.4472
0.0002 22.5519
2 0.0002 76.4049
0.0006 76.4049
99.9997 72.7861
2 99.9993 72.0662
0.0008 91.8689
99.9994 72.0662
2 99.9997 24.5731
0.0009 24.5373
99.9990 62.0523
2 91.6266 99.9000
86.8982 99.9000
97.0786 36.3237
2 99.9996 96.2917
0.0010 96.2917
0.0003 49.3126
2 0.0011 87.8542
45.0760 87.8542
99.9999 18.3755
2 5.5407 30.3932
53.4772 46.1549
33.5986 22.8789
2 99.4808 76.9326
99.9999 76.9326
100.0000 76.9326
2 99.9999 80.8539
0.0005 91.1747
0.0005 80.8539
2 0.0010 67.0674
0.0004 86.5091
0.0010 67.0674
2 73.7852 2.4937
35.6291 20.4733
12.4257 2.4947
2 0.0007 20.9660
4.9663 6.7240
0.0002 20.9660
2 0.0001 0.1001
0.0001 0.1000
0.0001 0.1003
2 100.0000 88.3983
99.9999 88.3984
0.0001 88.3983
2 0.0010 4.3177
0.0009 4.3177
67.6794 63.4293
2 0.0006 13.7149
99.9992 13.7149
99.9991 9.3271
2 67.5926 82.6882
0.0002 82.6882
0.0001 82.6882
2 0.0007 29.5443
92.2616 29.5443
0.0004 32.8835
2 0.0004 14.8776
99.9994 59.4341
0.0009 14.8776
2 99.9993 98.1755
99.9998 92.5858
0.0005 98.1755
2 11.8083 38.3218
96.0723 11.5731
0.3267 24.1939
2 99.9990 62.2926
0.0009 45.2689
99.9992 62.2926
2 0.0001 0.1000
0.0001 0.1001
0.0001 0.1002
2 52.1706 81.6149
50.5450 1.5369
54.4443 10.7352
2 26.7253 54.4709
99.9063 54.4709
70.5482 54.4709
2 0.0006 63.4314
99.9995 65.7095
0.0006 61.1532
2 100.0000 88.3984
99.9999 88.3984
0.0001 88.3983
2 99.9991 97.5859
99.9999 1.1077
99.9993 97.5859
2 99.9997 35.5312
0.0009 35.4933
0.0007 96.3286
2 99.9999 68.6611
99.9993 68.6609
99.9993 25.8688
2 0.0005 49.5761
0.0007 49.5237
99.9994 77.6241
2 0.0010 28.4472
0.0010 17.2317
0.0001 39.6627
2 0.0002 23.5015
99.9993 23.5015
99.9993 44.5605
2 5.0000 99.9000
30.0000 99.8999
20.0000 99.7000
2 99.9998 29.7502
99.9991 30.0242
99.9991 21.1989
2 0.0010 45.6999
90.2933 46.0678
99.9997 7.9780
2 99.9996 21.5413
99.9998 3.0353
99.9993 40.0473
2 99.9992 36.7776
0.0006 36.7328
99.9998 74.4172
2 45.4531 7.5870
3.7873 6.1114
47.7838 7.7040
2 99.9994 11.8074
19.8621 11.8074
99.9994 94.4392
1 0.8570 80.3957
65.3673 37.1389
2 99.9991 21.1976
99.9998 21.1976
99.9995 44.4170
2 59.1081 96.8236
85.9566 98.5488
45.9915 93.5993
2 99.9995 26.4439
0.0006 32.6402
0.0002 26.4449
2 100.0000 61.0761
84.1644 91.4247
78.4154 30.7274
1 34.2090 99.9000
23.9669 99.9000
2 0.0008 69.0309
0.0008 25.9289
0.0009 69.0309
2 0.0001 77.2831
0.0001 97.3911
0.0001 57.1751
2 0.0010 20.8023
99.9990 20.9312
99.9997 12.5428
2 0.0005 59.6233
0.0003 59.8734
0.0006 39.9294
2 99.9993 62.9576
0.0008 1.6926
0.0009 63.1854
2 100.0000 65.1587
99.9999 65.1586
0.0001 65.1587
2 99.9990 8.0451
2.0113 8.0451
99.9992 78.5609
