965
1960
3157819
214573
699840
8976
589824
30030
25002
517759
34300
1824
8772
6300
138240
420
79548
583200
125440
119
32805
57624
20592
98304
17920
900360029
2592
115248
94500
67500
9240
4320
103
72900
5625
30240
1
29120
13122
41580
6840
7290
115200
519
81000
40824
69
1904
5657
43740
52416
93
42755209
193
813
540
5400
76032
72000
12348
989447237
14040
70560
621008
2304
270000
192
1260
67584
49152
8960
1944
201600
2707
92160
27456
39936
38016
181440
92400
80
123
160
660
653477439
26
200000
816
84000
12240
373248
209952
46
2250
122880
124
132300
2403381
964532929
20736
34
12000
468
42
5000
13440
69984
21952
48510
998244353
14400
226800
2618049
72576
11
63360
501
19
24696
787320
8316
981028563
78
1000000
90
589833267
135
9425
8208
9216
11340
396
70000
106
5808
641
957262828
2000
85712697
7025
6480
9900
118800
180000
23
62208
949106497
20000
864
98
163296
35280
91857
194400
20480
14336
86
3120
3584
58320
1728
300000
41600
196830
58
349920
52800
150000
28512
1600
226151256
118
1632
101250
1000000000
16200
4312
17
49280
546750
362880
43200
33792
1680
655360
9000
132000
95040
82944
244944
22680
47
259200
9409159
10368
44800
53940
3375
52920
5250
33108
768
24300
84240
1584
96000
665
4158
66
331776
241920
430080
12096
7920
121
291600
5073
170
8372259
368640
4050
184320
128000
123480
108000
2431
9600
633
85
73
112000
112896
672
2520
45
31590
64800
75600
1701
147456
230400
12870
20
94770
302400
480000
361
15390
345600
21
20328
5616
38880
25600
3072
900
2352
1817
6804
3960
59400
2156
97
7056
364500
151200
84579
35
459270
49920
27000
53
7897861
13860
7128
179200
491520
54
118272
105840
196608
7455307
57600
57024
5346
587234
81920
4733
999999937
34111
28672
63504
3900
169344
9489
19440
47040
126
3371
60000
101
92317161
20160
6075
16524
51840
17424
18240
12544
559
10560
161280
94080
194241
57
8826131
2016
102
10752
22176
157464
133650
221184
4488
276480
18
11264
5297
4032
9408
49392
3360
129024
34848
482421315
34944
32768
51030
86400
24576
340200
15400
14700
80640
360000
4000
82
5520
129600
54432
69888
145800
2430
7200
301056
13056
70400
18816
74088
4
282791
96
83
89600
625433749
5120
127
5200
66150
262440
118263990
3780
11232
13500
432255
204120
5600
12800
50544
294912
725573
63
8
10
21000
33600
109
81648
4752
4480
59136
576
2906162
58054077
4620
79
792
61740
256000
42768
116640
288000
115
6720
99000
100800
235200
19656
998506315
75264
23100
63180
236250
11000
6750
84
4800
4896
29160
153600
134400
155520
524288
546
2310
16380
4539685
346742385
21840
120
4680
95
630
786432
70200
76
79200
131980
150528
26880
56700
8550
414720
19200
240000
95256
904152917
442368
122
999999999
3168
969
466560
24
5044
12150
105600
6144
135000
9
64152
97200
1671
36
23232
1500
4914
1008
104976
7390
700
8424
54880
5767201
18000
257
473
3264
35503
141120
1001
912
18432
1048576
15288
2400
245760
13
5721
52
92
99840
486000
107520
2688
9800
46464
11016
23328
8250
3696
327680
24000
5040
215040
7296
6400
3
7040
105000
1249
99
225792
114688
36283838
7560
186624
17550
279936
65610
1764
78750
50000
102060
2880
4704
122877509
61966
6
810
105
300
87
14256
1741
15552
8448
782
29700
85881
6541551
29484
43
13824
324000
89100
27216
3456
248832
999999998
243000
4608
39600
6600
3600
967669583
216000
7
34560
168960
16464
100696425
81
16000
98415
5760
31
37
164640
17640
59
127008
54600
90720
202500
71805
33750
40960
8347
56448
45360
362
16128
85536
6037
15120
42336
281
8000
3510
83160
252000
15840
8624
32670
30
994617
25
37440
35640
6930
117
19008
21504
986129769
697106497
50
110592
4410
48384
2070
2730
82268566
15876
8015864
4560
126720
7938
28
8320
56160
23115571
60480
2268
67200
129
44550
2600
8064
5940
16320
32000
8660
504
77
5280
67893369
2
281250
22500
60
393660
75
28000
1056
28080
29250
49000
375000
64922375
46080
2340
51
8087519
12768
17820
49
323
44
29400
14112
67
6399199
395
311040
198450
3000
15
934
926315427
17136
104
176400
182250
55296
56
805306368
65
518400
4675
409342369
78000
31752
322560
3645
23400
96768
1215
22464
211680
393216
622080
306180
108
38
388800
12960
76800
47628
63000
21600
7500
441
131220
38400
36864
21384
74
43680
7785
5601
3024
112
216
25490988
142560
49500
142884
33696
9100
108864
288
61440
961175759
2940
48000
16800
180
21168
432000
31200
2640
4173641
110
6000
29952
48600
66528
4374
33401221
3528
110250
26460
41472
14560
2560
111
27720
174960
168000
8748
1620
646
12288
65536
45000
57344
15680
50400
37800
5824
10000
93312
189
58800
1836
391
10240
42105
77760
1134
96228
5
18720
336000
28800
1001604
552960
8640
954158175
448
32400
69120
32640
48238
131
3564
15750
25200
1848
144000
307200
22950
472392
13230
1386
1100
116
40950
2160
54000
2097152
86016
10260
94
1890
2200
2376
13680
21383
922505446
44928
6765
88
40
162000
30720
5304
24750
163840
510205
31680
139968
47958485
322081025
524880
9180
14688
31104
35100
567
3509575
408240
80949857
21870
42120
14
62
2736
4655
84480
7776
72
53760
125
52488
11664
145152
8400
207360
536870912
746803744
1615
64680
193536
172032
74880
70
7680
47520
10800
673921
22848
33
32
688978813
1512
10710
460800
3864
64512
1800
29
314928
696
25920
4160
68040
4943
19800
233280
3312
71
4200
916855204
32256
268800
7389
113
12672
192000
27184698
457481
2025
8100
85050
4536
18480
88704
7392
614400
107
6552
11085765
983900459
17280
10500
640
217728
9504
1440
165888
89
103680
30973
70235461
405000
71280
48
23040
136080
68
5376
987
42000
5184
22
34020
73728
120000
938017885
24480
64
474
23760
4788
9827
50688
2100
476014
170100
971866761
124416
4725
1520
2720
49896
10080
47473
224
24192
16
3240
31500
1920
40320
1323
128
9450
32076
38497
16224
87480
91
55
1530
