Case #1: 3 20 14 7
Case #2: -1
Case #3: -1
Case #4: 11 10 4 4 3 3 3 3 3 3 3 2
Case #5: 5 17 11 8 3 2
Case #6: 9 9 4 4 4 4 4 4 4 4
Case #7: 6 13 11 7 5 3 2
Case #8: -1
Case #9: -1
Case #10: 7 14 7 7 5 5 2 1
Case #11: 3 19 16 6
Case #12: -1
Case #13: 5 21 10 5 3 2
Case #14: 8 15 4 4 4 4 4 3 3
Case #15: 5 30 7 2 1 1
Case #16: -1
Case #17: 10 10 5 4 4 3 3 3 3 3 3
Case #18: 8 10 7 7 4 4 4 4 1
Case #19: 19 17 7 1 1 1 1 1 1 1 1 1 1 1 1 1 1 1 1 1
Case #20: 9 15 9 3 3 3 3 3 1 1
Case #21: 8 8 7 7 7 7 3 1 1
Case #22: 5 13 11 9 4 4
Case #23: 8 16 4 4 4 4 4 3 2
Case #24: 6 20 7 4 4 4 2
Case #25: -1
Case #26: 4 27 6 4 4
Case #27: 7 8 7 7 7 7 3 2
Case #28: 7 14 6 5 5 5 3 3
Case #29: 7 15 6 5 5 5 3 2
Case #30: 5 22 7 5 4 3
Case #31: 4 24 6 6 5
Case #32: -1
Case #33: 7 15 6 6 5 3 3 3
Case #34: 5 25 5 5 3 3
Case #35: 6 18 7 5 4 4 3
Case #36: 41 1 1 1 1 1 1 1 1 1 1 1 1 1 1 1 1 1 1 1 1 1 1 1 1 1 1 1 1 1 1 1 1 1 1 1 1 1 1 1 1 1
Case #37: 7 13 10 7 4 4 2 1
Case #38: 8 18 9 3 3 3 3 1 1
Case #39: 7 14 11 5 3 3 3 2
Case #40: 5 19 12 5 3 2
Case #41: 4 18 9 9 5
Case #42: 8 15 5 4 4 4 4 3 2
Case #43: -1
Case #44: 7 15 6 5 5 4 3 3
Case #45: 7 18 7 4 3 3 3 3
Case #46: 17 23 3 1 1 1 1 1 1 1 1 1 1 1 1 1 1 1
Case #47: 4 17 16 7 1
Case #48: -1
Case #49: 8 20 3 3 3 3 3 3 3
Case #50: 6 13 9 7 4 4 4
Case #51: 9 31 3 1 1 1 1 1 1 1
Case #52: -1
Case #53: -1
Case #54: -1
Case #55: 3 30 9 2
Case #56: 5 25 6 4 3 3
Case #57: 7 12 11 4 4 4 3 3
Case #58: 7 16 5 5 5 4 3 3
Case #59: 5 18 7 7 7 2
Case #60: -1
Case #61: 5 15 13 6 4 3
Case #62: 7 14 7 6 5 4 3 2
Case #63: -1
Case #64: 5 24 8 6 2 1
Case #65: 8 10 6 5 5 5 4 3 3
Case #66: 5 32 6 1 1 1
Case #67: 6 28 5 3 3 1 1
Case #68: 7 12 11 4 4 4 4 2
Case #69: 7 16 8 4 4 4 3 2
Case #70: 5 20 8 7 4 2
Case #71: 4 27 8 3 3
Case #72: 8 10 7 6 5 4 4 3 2
Case #73: -1
Case #74: 8 16 5 4 4 4 3 3 2
Case #75: 6 13 11 8 4 3 2
Case #76: 6 13 12 4 4 4 4
Case #77: 6 12 11 8 4 3 3
Case #78: 9 14 5 4 4 3 3 3 3 2
Case #79: 7 11 8 7 5 5 3 2
Case #80: 19 20 4 1 1 1 1 1 1 1 1 1 1 1 1 1 1 1 1 1
Case #81: -1
Case #82: 6 32 5 1 1 1 1
Case #83: 5 22 15 2 1 1
Case #84: -1
Case #85: 16 26 1 1 1 1 1 1 1 1 1 1 1 1 1 1 1
Case #86: 9 10 5 5 5 5 4 4 2 1
Case #87: 8 17 16 3 1 1 1 1 1
Case #88: 7 14 6 5 5 5 4 2
Case #89: 5 17 12 5 4 3
Case #90: 10 12 4 4 4 3 3 3 3 3 2
Case #91: 9 12 8 3 3 3 3 3 3 3
Case #92: 18 23 2 1 1 1 1 1 1 1 1 1 1 1 1 1 1 1 1
Case #93: 4 25 10 3 3
Case #94: 8 15 4 4 4 4 4 4 2
Case #95: 8 31 4 1 1 1 1 1 1
Case #96: 7 10 7 7 6 5 3 3
Case #97: -1
Case #98: -1
Case #99: 6 18 9 4 4 4 2
Case #100: 8 34 1 1 1 1 1 1 1
Case #101: 5 20 8 5 5 3
Case #102: 7 26 9 2 1 1 1 1
Case #103: 20 21 2 1 1 1 1 1 1 1 1 1 1 1 1 1 1 1 1 1 1
Case #104: 5 25 5 5 4 2
Case #105: 7 21 5 4 4 4 2 1
Case #106: 8 18 4 4 3 3 3 3 3
Case #107: 5 16 7 7 7 4
Case #108: 6 11 10 7 7 3 3
Case #109: -1
Case #110: 6 20 8 5 3 3 2
Case #111: 8 10 7 6 5 4 3 3 3
Case #112: -1
Case #113: 8 16 7 4 3 3 3 3 2
Case #114: 31 11 1 1 1 1 1 1 1 1 1 1 1 1 1 1 1 1 1 1 1 1 1 1 1 1 1 1 1 1 1 1
Case #115: 7 12 11 5 4 4 3 2
Case #116: -1
Case #117: 23 19 1 1 1 1 1 1 1 1 1 1 1 1 1 1 1 1 1 1 1 1 1 1
Case #118: 5 14 9 7 7 4
Case #119: 11 10 4 3 3 3 3 3 3 3 3 3
Case #120: 5 22 7 6 3 3
Case #121: -1
Case #122: 2 39 2
Case #123: -1
Case #124: 10 30 3 1 1 1 1 1 1 1 1
Case #125: -1
Case #126: 11 27 5 1 1 1 1 1 1 1 1 1
Case #127: -1
Case #128: 5 19 12 4 3 3
Case #129: 6 24 4 4 4 3 2
Case #130: 5 21 6 6 5 3
Case #131: 3 33 6 2
Case #132: 8 14 5 5 5 5 4 2 1
Case #133: -1
Case #134: 4 16 11 11 3
Case #135: -1
Case #136: -1
Case #137: 4 25 10 4 2
Case #138: -1
Case #139: -1
Case #140: 5 24 6 5 3 3
Case #141: 5 22 6 5 5 3
Case #142: 8 11 10 5 4 3 3 3 2
Case #143: 8 12 5 5 5 5 4 3 2
Case #144: 19 23 1 1 1 1 1 1 1 1 1 1 1 1 1 1 1 1 1 1
Case #145: 8 18 4 4 4 3 3 3 2
Case #146: -1
Case #147: 6 20 5 5 5 4 2
Case #148: 4 32 3 3 3
Case #149: 22 14 7 1 1 1 1 1 1 1 1 1 1 1 1 1 1 1 1 1 1 1 1
Case #150: 9 14 6 4 3 3 3 3 3 2
Case #151: 6 16 7 7 5 3 3
Case #152: -1
Case #153: 8 12 6 5 5 4 3 3 3
Case #154: 7 20 4 4 4 4 4 1
Case #155: 5 16 8 8 7 2
Case #156: -1
Case #157: 4 26 6 5 4
Case #158: 4 16 16 7 2
Case #159: 8 18 5 4 3 3 3 3 2
Case #160: 4 27 8 4 2
Case #161: 8 10 5 5 5 5 4 4 3
Case #162: 7 13 10 5 4 4 4 1
Case #163: 10 15 3 3 3 3 3 3 3 3 2
Case #164: 12 29 2 1 1 1 1 1 1 1 1 1 1
Case #165: 10 12 5 4 3 3 3 3 3 3 2
Case #166: 6 12 11 5 5 4 4
Case #167: 7 12 5 5 5 5 5 4
Case #168: 7 16 11 3 3 3 3 2
Case #169: 3 25 8 8
Case #170: -1
Case #171: -1
Case #172: 5 17 16 6 1 1
Case #173: 8 15 5 5 5 3 3 3 2
Case #174: -1
Case #175: 7 20 6 5 3 3 3 1
Case #176: 5 22 7 7 4 1
Case #177: 25 17 1 1 1 1 1 1 1 1 1 1 1 1 1 1 1 1 1 1 1 1 1 1 1 1
Case #178: 7 11 10 7 4 4 4 1
Case #179: 10 10 5 5 3 3 3 3 3 3 3
Case #180: 9 10 7 4 4 4 3 3 3 3
Case #181: 7 18 5 5 4 4 3 2
Case #182: 6 12 11 8 4 4 2
Case #183: 4 28 6 5 2
Case #184: 9 8 5 4 4 4 4 4 4 4
Case #185: 5 20 10 5 3 3
Case #186: 7 11 8 5 5 5 4 3
Case #187: 7 11 10 6 4 4 3 3
Case #188: 8 16 6 4 4 3 3 3 2
Case #189: 10 14 4 3 3 3 3 3 3 3 2
Case #190: 7 21 5 4 3 3 3 2
Case #191: -1
Case #192: 9 12 5 5 4 4 3 3 3 2
Case #193: -1
Case #194: 6 24 4 4 3 3 3
Case #195: 6 16 7 5 5 4 4
Case #196: -1
Case #197: 7 25 5 3 3 3 1 1
Case #198: 7 15 7 7 4 3 3 2
Case #199: 4 21 10 5 5
Case #200: -1
Case #201: 4 32 4 3 2
Case #202: 8 20 5 3 3 3 3 3 1
Case #203: 8 13 10 4 3 3 3 3 2
Case #204: 3 24 11 6
Case #205: 7 15 5 5 4 4 4 4
Case #206: 13 19 7 5 1 1 1 1 1 1 1 1 1 1
Case #207: 4 22 9 7 3
Case #208: 8 33 2 1 1 1 1 1 1
Case #209: 9 12 4 4 4 4 4 3 3 3
Case #210: 8 10 7 6 4 4 4 3 3
Case #211: 9 8 7 5 4 4 4 4 3 2
Case #212: 6 21 8 4 3 3 2
Case #213: 5 22 8 5 3 3
Case #214: 21 11 11 1 1 1 1 1 1 1 1 1 1 1 1 1 1 1 1 1 1 1
Case #215: 9 12 5 5 4 3 3 3 3 3
Case #216: -1
Case #217: 4 34 5 1 1
Case #218: -1
Case #219: 9 10 6 4 4 4 4 4 3 2
Case #220: 6 25 6 3 3 3 1
Case #221: 8 12 6 5 4 4 4 4 2
Case #222: 7 10 10 5 4 4 4 4
Case #223: 7 10 7 7 7 4 3 3
Case #224: 8 15 5 5 4 4 3 3 2
Case #225: 3 17 13 11
Case #226: 5 20 10 4 4 3
Case #227: -1
Case #228: 21 17 5 1 1 1 1 1 1 1 1 1 1 1 1 1 1 1 1 1 1 1
Case #229: -1
Case #230: 7 14 5 5 5 4 4 4
Case #231: 8 14 7 4 4 4 3 3 2
Case #232: 5 28 8 3 1 1
Case #233: 5 28 5 3 3 2
Case #234: 25 15 3 1 1 1 1 1 1 1 1 1 1 1 1 1 1 1 1 1 1 1 1 1 1 1
Case #235: 6 13 10 9 3 3 3
Case #236: 7 16 6 5 5 3 3 3
Case #237: 7 15 7 5 4 4 3 3
Case #238: 5 27 7 3 3 1
Case #239: 8 12 8 4 4 4 4 3 2
Case #240: 8 12 5 5 4 4 4 4 3
Case #241: 6 13 11 10 3 3 1
Case #242: 22 20 1 1 1 1 1 1 1 1 1 1 1 1 1 1 1 1 1 1 1 1 1
Case #243: 8 13 10 3 3 3 3 3 3
Case #244: 9 10 7 5 4 4 3 3 3 2
Case #245: 9 8 5 5 5 5 4 4 3 2
Case #246: 5 19 19 1 1 1
Case #247: 6 19 10 3 3 3 3
Case #248: 9 10 6 5 4 4 4 3 3 2
Case #249: 21 21 1 1 1 1 1 1 1 1 1 1 1 1 1 1 1 1 1 1 1 1
Case #250: 6 11 11 8 7 3 1
Case #251: 6 26 4 3 3 3 2
Case #252: 8 20 4 3 3 3 3 3 2
Case #253: 6 20 5 4 4 4 4
Case #254: 5 24 8 4 4 1
Case #255: 3 30 6 5
Case #256: 5 24 7 7 2 1
Case #257: -1
Case #258: 5 21 9 6 3 2
Case #259: 4 22 10 6 3
Case #260: 7 12 11 5 5 3 3 2
Case #261: 7 22 7 7 2 1 1 1
Case #262: -1
Case #263: 5 21 8 7 3 2
Case #264: 9 10 6 5 5 3 3 3 3 3
Case #265: 8 14 5 5 4 4 3 3 3
Case #266: -1
Case #267: 7 35 1 1 1 1 1 1
Case #268: 10 10 7 3 3 3 3 3 3 3 3
Case #269: 6 13 10 6 4 4 4
Case #270: 7 20 5 5 3 3 3 2
Case #271: -1
Case #272: -1
Case #273: 5 15 11 7 6 2
Case #274: 5 22 9 4 3 3
Case #275: 9 10 7 5 4 4 4 4 2 1
Case #276: 9 10 4 4 4 4 4 4 4 3
Case #277: 14 27 2 1 1 1 1 1 1 1 1 1 1 1 1
Case #278: 7 11 8 7 4 4 4 3
Case #279: 8 14 7 5 4 3 3 3 2
Case #280: 9 12 4 4 4 4 4 4 4 1
Case #281: -1
Case #282: 7 16 6 5 5 4 3 2
Case #283: 7 12 11 6 4 3 3 2
Case #284: 6 22 9 3 3 3 1
Case #285: -1
Case #286: 7 16 5 4 4 4 4 4
Case #287: -1
Case #288: -1
Case #289: -1
Case #290: 6 16 8 7 4 4 2
Case #291: 7 14 8 7 3 3 3 3
Case #292: 5 26 5 5 3 2
Case #293: 7 9 7 7 6 4 4 4
Case #294: -1
Case #295: 6 20 6 6 3 3 3
Case #296: 6 15 7 7 4 4 4
Case #297: 16 21 6 1 1 1 1 1 1 1 1 1 1 1 1 1 1
Case #298: -1
Case #299: 7 16 5 5 5 5 3 2
Case #300: -1
Case #301: -1
Case #302: 6 21 5 4 4 4 3
Case #303: 7 25 3 3 3 3 3 1
Case #304: 6 17 12 3 3 3 3
Case #305: 7 18 5 4 4 4 3 3
Case #306: 5 12 11 11 4 3
Case #307: 6 19 8 5 4 3 2
Case #308: 6 16 8 7 7 2 1
Case #309: -1
Case #310: 5 22 6 5 4 4
Case #311: 8 14 5 4 4 4 4 3 3
Case #312: 7 14 7 5 4 4 4 3
Case #313: -1
Case #314: 21 19 3 1 1 1 1 1 1 1 1 1 1 1 1 1 1 1 1 1 1 1
Case #315: -1
Case #316: 4 28 6 4 3
Case #317: 6 34 3 1 1 1 1
Case #318: 5 21 8 4 4 4
Case #319: 6 14 11 8 3 3 2
Case #320: 9 12 9 3 3 3 3 3 3 2
Case #321: 8 11 10 5 3 3 3 3 3
Case #322: 8 12 6 4 4 4 4 4 3
Case #323: 6 17 11 8 3 1 1
Case #324: 9 12 5 4 4 4 4 3 3 2
Case #325: 24 18 1 1 1 1 1 1 1 1 1 1 1 1 1 1 1 1 1 1 1 1 1 1 1
Case #326: 7 22 4 4 4 4 2 1
Case #327: -1
Case #328: 4 24 7 6 4
Case #329: 6 21 7 4 4 4 1
Case #330: 6 14 7 7 6 4 3
Case #331: 5 24 7 5 4 1
Case #332: 8 14 6 4 4 4 4 3 2
Case #333: 6 11 11 9 4 4 2
Case #334: -1
Case #335: 6 13 8 8 7 3 2
Case #336: 7 16 8 4 4 4 4 1
Case #337: 8 15 7 6 3 3 3 3 1
Case #338: 8 16 5 5 4 3 3 3 2
Case #339: 6 16 8 8 4 3 2
Case #340: 9 10 7 5 4 3 3 3 3 3
Case #341: 7 14 11 5 5 4 1 1
Case #342: 5 15 10 7 7 2
Case #343: 7 15 7 4 4 4 4 3
Case #344: 9 10 5 5 5 4 4 3 3 2
Case #345: 6 25 5 4 4 2 1
Case #346: -1
Case #347: 5 23 8 5 3 2
Case #348: 8 15 5 4 4 4 3 3 3
Case #349: 7 16 7 6 3 3 3 3
Case #350: 7 13 8 7 4 4 3 2
Case #351: 9 15 5 4 3 3 3 3 3 2
Case #352: 4 27 6 5 3
Case #353: 6 25 4 4 3 3 2
Case #354: 8 8 7 7 4 4 4 4 3
Case #355: 5 17 12 4 4 4
Case #356: 8 11 10 5 4 4 4 2 1
Case #357: 5 16 8 7 7 3
Case #358: 7 14 7 7 4 3 3 3
Case #359: 38 4 1 1 1 1 1 1 1 1 1 1 1 1 1 1 1 1 1 1 1 1 1 1 1 1 1 1 1 1 1 1 1 1 1 1 1 1 1
Case #360: -1
Case #361: 8 32 3 1 1 1 1 1 1
Case #362: -1
Case #363: 8 14 5 5 4 4 4 4 1
Case #364: -1
Case #365: 5 20 8 8 4 1
Case #366: -1
Case #367: 6 16 13 5 5 1 1
Case #368: 8 14 7 5 5 3 3 3 1
Case #369: 9 12 6 5 3 3 3 3 3 3
Case #370: -1
Case #371: 4 21 12 5 3
Case #372: 5 16 13 6 3 3
Case #373: 8 20 5 5 3 3 3 1 1
Case #374: -1
Case #375: 9 14 5 4 3 3 3 3 3 3
Case #376: 4 20 10 7 4
Case #377: 5 20 8 5 4 4
Case #378: 7 13 12 4 3 3 3 3
Case #379: 9 12 4 4 4 4 4 4 3 2
Case #380: -1
Case #381: 19 21 3 1 1 1 1 1 1 1 1 1 1 1 1 1 1 1 1 1
Case #382: 34 8 1 1 1 1 1 1 1 1 1 1 1 1 1 1 1 1 1 1 1 1 1 1 1 1 1 1 1 1 1 1 1 1 1
Case #383: 32 10 1 1 1 1 1 1 1 1 1 1 1 1 1 1 1 1 1 1 1 1 1 1 1 1 1 1 1 1 1 1 1
Case #384: 5 15 10 7 5 4
Case #385: 6 16 7 6 5 5 2
Case #386: -1
Case #387: 8 16 7 3 3 3 3 3 3
Case #388: 4 22 9 6 4
Case #389: 6 20 8 7 4 1 1
Case #390: 6 11 8 8 7 4 3
Case #391: 3 32 6 3
Case #392: -1
Case #393: -1
Case #394: 5 22 7 6 5 1
Case #395: -1
Case #396: 6 24 11 3 1 1 1
Case #397: 7 14 7 7 5 3 3 2
Case #398: 9 10 5 5 4 4 4 4 4 1
Case #399: 6 12 11 6 6 3 3
Case #400: 9 16 5 3 3 3 3 3 3 2
Case #401: 8 10 6 5 5 4 4 4 3
Case #402: 15 23 5 1 1 1 1 1 1 1 1 1 1 1 1 1
Case #403: 5 21 10 4 4 2
Case #404: 7 11 10 5 5 4 3 3
Case #405: 7 14 6 5 5 4 4 3
Case #406: 8 8 7 7 5 5 4 3 2
Case #407: 6 14 13 6 3 3 2
Case #408: -1
Case #409: 7 14 7 6 4 4 4 2
Case #410: 5 14 11 6 5 5
Case #411: 7 13 10 6 3 3 3 3
Case #412: 8 10 7 5 5 5 3 3 3
Case #413: 5 22 5 5 5 4
Case #414: 6 25 5 3 3 3 2
Case #415: 12 28 3 1 1 1 1 1 1 1 1 1 1
Case #416: 5 25 6 4 4 2
Case #417: 5 17 16 3 3 2
Case #418: 7 20 6 3 3 3 3 3
Case #419: 9 12 5 5 4 4 4 4 2 1
Case #420: 8 14 5 5 4 4 4 3 2
Case #421: 9 15 4 4 4 3 3 3 3 2
Case #422: 10 8 4 4 4 4 4 4 4 4 1
Case #423: 8 26 7 3 1 1 1 1 1
Case #424: 8 22 7 5 3 1 1 1 1
Case #425: 5 14 13 6 5 3
Case #426: -1
Case #427: -1
Case #428: 6 14 13 5 4 3 2
Case #429: 9 30 4 1 1 1 1 1 1 1
Case #430: 5 26 5 4 3 3
Case #431: 19 19 5 1 1 1 1 1 1 1 1 1 1 1 1 1 1 1 1 1
Case #432: 4 30 7 3 1
Case #433: 10 8 4 4 4 4 4 4 4 3 2
Case #434: 7 13 10 5 4 3 3 3
Case #435: 3 38 2 1
Case #436: 7 11 10 6 5 4 3 2
Case #437: -1
Case #438: 7 8 8 7 7 4 4 3
Case #439: 6 16 8 7 5 3 2
Case #440: 7 15 7 6 5 3 3 2
Case #441: 6 19 10 5 3 3 1
Case #442: 9 10 6 4 4 4 4 3 3 3
Case #443: 6 20 6 5 4 4 2
Case #444: 8 10 6 5 5 5 4 4 2
Case #445: 8 14 7 6 3 3 3 3 2
Case #446: -1
Case #447: 9 9 6 4 4 4 4 4 4 2
Case #448: -1
Case #449: -1
Case #450: 4 22 12 4 3
Case #451: 5 19 17 3 1 1
Case #452: 10 10 6 4 4 3 3 3 3 3 2
Case #453: 18 24 1 1 1 1 1 1 1 1 1 1 1 1 1 1 1 1 1
Case #454: -1
Case #455: 6 18 9 5 5 3 1
Case #456: 7 11 10 5 4 4 4 3
Case #457: 6 24 4 4 4 4 1
Case #458: 7 12 6 5 5 5 5 3
Case #459: 33 9 1 1 1 1 1 1 1 1 1 1 1 1 1 1 1 1 1 1 1 1 1 1 1 1 1 1 1 1 1 1 1 1
Case #460: 7 12 11 6 3 3 3 3
Case #461: 8 16 5 5 3 3 3 3 3
Case #462: -1
Case #463: 6 36 1 1 1 1 1
Case #464: 5 11 11 8 8 3
Case #465: 3 25 10 6
Case #466: 4 18 13 7 3
Case #467: 3 28 9 4
Case #468: 10 16 3 3 3 3 3 3 3 3 1
Case #469: -1
Case #470: 6 28 5 5 1 1 1
Case #471: 5 18 13 4 3 3
Case #472: 6 14 7 7 5 4 4
Case #473: -1
Case #474: 6 20 6 5 5 3 2
Case #475: -1
Case #476: -1
Case #477: 4 17 16 6 2
Case #478: -1
Case #479: 7 10 7 7 6 4 4 3
Case #480: 13 13 11 7 1 1 1 1 1 1 1 1 1 1
Case #481: 6 19 16 3 1 1 1
Case #482: 7 18 8 4 4 4 2 1
Case #483: 11 4 4 4 4 4 4 4 4 4 4 1
Case #484: 5 14 13 7 4 3
Case #485: 4 25 8 6 2
Case #486: 8 12 5 4 4 4 4 4 4
Case #487: 29 13 1 1 1 1 1 1 1 1 1 1 1 1 1 1 1 1 1 1 1 1 1 1 1 1 1 1 1 1
Case #488: -1
Case #489: 15 26 2 1 1 1 1 1 1 1 1 1 1 1 1 1
Case #490: 16 23 4 1 1 1 1 1 1 1 1 1 1 1 1 1 1
Case #491: 7 13 8 5 4 4 4 3
Case #492: 10 10 5 5 4 3 3 3 3 3 2
Case #493: 7 14 6 5 4 4 4 4
Case #494: 5 28 4 4 3 2
Case #495: 5 20 7 7 5 2
Case #496: 6 11 11 8 4 4 3
Case #497: 5 17 12 6 3 3
Case #498: 6 18 9 4 4 3 3
Case #499: 6 22 5 5 5 3 1
Case #500: 5 22 8 7 3 1
Case #501: 10 10 4 4 4 4 4 4 4 2 1
Case #502: 6 20 5 5 4 4 3
Case #503: 5 24 7 5 3 2
Case #504: 8 10 7 6 4 4 4 4 2
Case #505: 5 19 12 4 4 2
Case #506: 5 25 4 4 4 4
Case #507: 39 3 1 1 1 1 1 1 1 1 1 1 1 1 1 1 1 1 1 1 1 1 1 1 1 1 1 1 1 1 1 1 1 1 1 1 1 1 1 1
Case #508: 5 22 8 5 4 2
Case #509: 7 14 5 5 5 5 4 3
Case #510: -1
Case #511: 7 33 3 1 1 1 1 1
Case #512: 8 9 7 7 4 4 4 4 2
Case #513: 9 14 4 4 4 4 4 4 2 1
Case #514: -1
Case #515: 5 21 10 4 3 3
Case #516: 9 12 8 4 3 3 3 3 3 2
Case #517: 6 15 13 5 3 3 2
Case #518: 9 12 6 4 4 3 3 3 3 3
Case #519: 8 18 5 3 3 3 3 3 3
Case #520: 4 28 7 3 3
Case #521: 8 14 5 5 5 5 3 3 1
Case #522: 6 16 5 5 5 5 5
Case #523: 8 15 7 4 3 3 3 3 3
Case #524: 4 24 10 4 3
Case #525: 5 21 8 7 4 1
Case #526: -1
Case #527: -1
Case #528: 36 6 1 1 1 1 1 1 1 1 1 1 1 1 1 1 1 1 1 1 1 1 1 1 1 1 1 1 1 1 1 1 1 1 1 1 1
Case #529: 6 30 3 3 3 1 1
Case #530: 5 35 3 1 1 1
Case #531: 3 30 10 1
Case #532: 11 29 3 1 1 1 1 1 1 1 1 1
Case #533: 6 22 6 4 3 3 3
Case #534: -1
Case #535: 5 18 9 6 4 4
Case #536: 5 22 8 4 4 3
Case #537: -1
Case #538: 6 15 11 5 4 3 3
Case #539: -1
Case #540: -1
Case #541: 7 14 13 3 3 3 3 2
Case #542: -1
Case #543: 5 18 8 8 4 3
Case #544: 9 10 6 5 5 4 3 3 3 2
Case #545: 7 11 10 6 5 3 3 3
Case #546: 7 21 4 4 3 3 3 3
Case #547: 5 27 4 4 4 2
Case #548: 9 12 6 4 4 4 3 3 3 2
Case #549: -1
Case #550: 9 12 5 5 5 3 3 3 3 2
Case #551: 5 24 8 4 3 2
Case #552: 6 12 11 6 5 5 2
Case #553: 6 22 6 5 5 2 1
Case #554: 5 25 8 3 3 2
Case #555: -1
Case #556: 8 12 5 5 5 4 4 3 3
Case #557: 35 7 1 1 1 1 1 1 1 1 1 1 1 1 1 1 1 1 1 1 1 1 1 1 1 1 1 1 1 1 1 1 1 1 1 1
Case #558: 7 20 4 4 4 3 3 3
Case #559: 8 11 8 5 4 4 4 3 2
Case #560: 6 16 7 7 7 3 1
Case #561: -1
Case #562: 13 27 3 1 1 1 1 1 1 1 1 1 1 1
Case #563: 7 20 5 5 4 4 2 1
Case #564: 11 15 3 3 3 3 3 3 3 3 1 1
Case #565: 5 24 6 5 4 2
Case #566: 11 31 1 1 1 1 1 1 1 1 1 1
Case #567: 5 37 1 1 1 1
Case #568: 7 8 7 7 7 5 4 3
Case #569: 5 18 7 7 5 4
Case #570: -1
Case #571: 8 14 7 4 4 3 3 3 3
Case #572: 6 13 8 7 5 5 3
Case #573: 8 15 7 4 4 3 3 3 2
Case #574: 8 12 5 5 5 5 3 3 3
Case #575: -1
Case #576: 6 18 5 5 5 5 3
Case #577: 6 16 8 5 4 4 4
Case #578: -1
Case #579: 7 14 8 7 4 3 3 2
Case #580: 8 16 7 5 3 3 3 3 1
Case #581: -1
Case #582: 6 21 6 4 4 4 2
Case #583: 8 12 11 4 3 3 3 3 2
Case #584: -1
Case #585: 6 21 6 5 4 3 2
Case #586: 7 16 7 7 3 3 3 2
Case #587: -1
Case #588: 5 20 10 5 4 2
Case #589: 6 26 5 3 3 3 1
Case #590: 7 11 10 7 4 3 3 3
Case #591: 8 10 7 5 5 4 4 3 3
Case #592: 6 22 5 4 4 3 3
Case #593: 4 16 11 7 7
Case #594: 6 11 11 10 3 3 3
Case #595: 12 30 1 1 1 1 1 1 1 1 1 1 1
Case #596: -1
Case #597: 17 25 1 1 1 1 1 1 1 1 1 1 1 1 1 1 1 1
Case #598: 6 13 12 5 4 4 3
Case #599: 7 15 11 4 3 3 3 2
Case #600: 6 22 7 5 3 3 1
Case #601: 21 13 9 1 1 1 1 1 1 1 1 1 1 1 1 1 1 1 1 1 1 1
Case #602: 7 22 4 4 3 3 3 2
Case #603: 6 21 4 4 4 4 4
Case #604: -1
Case #605: -1
Case #606: 16 25 2 1 1 1 1 1 1 1 1 1 1 1 1 1 1
Case #607: 8 16 4 4 4 4 3 3 3
Case #608: 4 21 10 7 3
Case #609: 7 16 7 6 4 3 3 2
Case #610: 6 23 10 3 3 1 1
Case #611: 4 26 7 5 3
Case #612: -1
Case #613: 6 21 7 4 3 3 3
Case #614: -1
Case #615: 5 19 12 5 4 1
Case #616: 8 11 10 4 4 4 3 3 2
Case #617: 6 21 7 6 3 3 1
Case #618: 14 28 1 1 1 1 1 1 1 1 1 1 1 1 1
Case #619: 6 16 13 5 4 2 1
Case #620: 7 13 10 6 4 3 3 2
Case #621: -1
Case #622: 7 16 7 5 4 3 3 3
Case #623: 6 28 3 3 3 3 1
Case #624: 7 15 7 5 4 4 4 2
Case #625: -1
Case #626: 6 11 10 9 5 3 3
Case #627: 5 26 5 5 4 1
Case #628: 5 21 8 6 4 2
Case #629: 5 22 10 3 3 3
Case #630: 5 17 10 6 4 4
Case #631: 6 16 8 5 5 5 2
Case #632: -1
Case #633: 5 28 9 2 1 1
Case #634: 25 11 7 1 1 1 1 1 1 1 1 1 1 1 1 1 1 1 1 1 1 1 1 1 1 1
Case #635: 5 22 10 4 3 2
Case #636: -1
Case #637: 40 2 1 1 1 1 1 1 1 1 1 1 1 1 1 1 1 1 1 1 1 1 1 1 1 1 1 1 1 1 1 1 1 1 1 1 1 1 1 1 1
Case #638: 8 10 5 5 5 5 5 3 3
Case #639: 6 20 5 5 5 3 3
Case #640: 11 30 2 1 1 1 1 1 1 1 1 1
Case #641: 10 12 5 3 3 3 3 3 3 3 3
Case #642: 15 25 3 1 1 1 1 1 1 1 1 1 1 1 1 1
Case #643: 7 16 7 5 5 5 2 1
Case #644: 5 24 11 4 1 1
Case #645: 6 13 12 6 5 3 2
Case #646: 8 13 10 5 5 3 3 1 1
Case #647: 7 14 7 5 5 5 4 1
Case #648: 8 8 5 5 5 5 5 5 3
Case #649: -1
Case #650: 7 18 5 4 4 4 4 2
Case #651: 5 26 6 5 3 1
Case #652: 23 17 3 1 1 1 1 1 1 1 1 1 1 1 1 1 1 1 1 1 1 1 1 1
Case #653: -1
Case #654: 5 19 8 7 4 3
Case #655: 7 22 5 3 3 3 3 2
Case #656: 29 7 7 1 1 1 1 1 1 1 1 1 1 1 1 1 1 1 1 1 1 1 1 1 1 1 1 1 1 1
Case #657: 7 19 17 1 1 1 1 1
Case #658: 19 22 2 1 1 1 1 1 1 1 1 1 1 1 1 1 1 1 1 1
Case #659: 7 15 7 7 5 4 2 1
Case #660: 6 21 7 4 4 3 2
Case #661: -1
Case #662: -1
Case #663: -1
Case #664: 9 12 5 4 4 4 3 3 3 3
Case #665: 8 10 7 7 5 3 3 3 3
Case #666: 4 25 8 5 3
Case #667: 27 15 1 1 1 1 1 1 1 1 1 1 1 1 1 1 1 1 1 1 1 1 1 1 1 1 1 1
Case #668: -1
Case #669: -1
Case #670: 5 17 9 7 4 4
Case #671: 13 26 4 1 1 1 1 1 1 1 1 1 1 1
Case #672: 8 10 7 7 5 4 3 3 2
Case #673: 8 10 9 5 5 3 3 3 3
Case #674: 7 18 4 4 4 4 4 3
Case #675: 13 28 2 1 1 1 1 1 1 1 1 1 1 1
Case #676: -1
Case #677: 25 13 5 1 1 1 1 1 1 1 1 1 1 1 1 1 1 1 1 1 1 1 1 1 1 1
Case #678: 10 10 5 4 4 4 3 3 3 3 2
Case #679: 7 17 11 5 5 1 1 1
Case #680: -1
Case #681: 7 13 8 5 5 5 3 2
Case #682: 6 14 9 7 6 3 2
Case #683: 9 10 7 4 4 4 4 3 3 2
Case #684: 5 27 5 3 3 3
Case #685: 5 13 12 6 5 5
Case #686: 8 14 8 4 4 3 3 3 2
Case #687: 3 27 9 5
Case #688: 6 13 12 8 3 3 2
Case #689: 8 10 7 7 4 4 3 3 3
Case #690: 9 8 8 4 4 4 4 4 3 2
Case #691: 10 10 4 4 4 4 3 3 3 3 3
Case #692: 9 10 7 6 3 3 3 3 3 3
Case #693: 4 36 3 1 1
Case #694: 4 38 1 1 1
Case #695: 9 10 6 5 4 4 3 3 3 3
Case #696: 6 20 9 4 3 3 2
Case #697: 7 16 5 5 4 4 4 3
Case #698: 7 14 9 7 3 3 3 2
Case #699: 7 15 7 5 5 4 3 2
Case #700: 6 20 6 5 4 3 3
Case #701: 8 20 5 5 5 3 1 1 1
Case #702: 13 21 7 3 1 1 1 1 1 1 1 1 1 1
Case #703: 9 15 6 3 3 3 3 3 3 2
Case #704: 6 16 8 5 5 4 3
Case #705: 8 18 4 4 4 4 4 2 1
Case #706: 7 22 4 3 3 3 3 3
Case #707: 4 37 2 1 1
Case #708: 6 13 10 7 4 4 3
Case #709: -1
Case #710: -1
Case #711: 5 28 4 3 3 3
Case #712: 11 28 4 1 1 1 1 1 1 1 1 1
Case #713: 3 36 3 2
Case #714: -1
Case #715: 8 11 10 4 4 3 3 3 3
Case #716: 6 12 11 5 5 5 3
Case #717: 9 14 7 3 3 3 3 3 3 2
Case #718: 6 13 12 6 4 3 3
Case #719: 7 14 13 5 5 2 1 1
Case #720: 8 14 8 4 3 3 3 3 3
Case #721: 2 32 9
Case #722: 7 16 6 5 4 4 4 2
Case #723: -1
Case #724: 5 21 10 7 2 1
Case #725: 6 16 6 5 5 5 4
Case #726: 6 21 5 5 4 4 2
Case #727: 2 36 5
Case #728: 6 18 7 7 4 3 2
Case #729: 9 10 5 5 4 4 4 3 3 3
Case #730: 6 13 12 5 5 4 2
Case #731: 4 22 12 5 2
Case #732: -1
Case #733: 16 22 5 1 1 1 1 1 1 1 1 1 1 1 1 1 1
Case #734: 5 25 5 4 4 3
Case #735: 6 13 12 6 4 4 2
Case #736: 7 18 5 5 4 3 3 3
Case #737: 6 11 9 7 6 4 4
Case #738: 6 27 3 3 3 3 2
Case #739: -1
Case #740: 4 24 7 7 3
Case #741: 8 10 7 7 5 5 3 3 1
Case #742: 5 15 7 7 6 6
Case #743: 7 18 6 4 4 4 3 2
Case #744: 6 14 13 5 4 4 1
Case #745: 7 20 8 8 2 1 1 1
Case #746: 3 37 3 1
Case #747: 6 14 11 6 5 3 2
Case #748: 9 15 4 4 3 3 3 3 3 3
Case #749: 7 10 7 6 5 5 4 4
Case #750: 5 18 9 9 3 2
Case #751: 5 30 3 3 3 2
Case #752: 6 19 17 2 1 1 1
Case #753: 6 16 12 4 4 4 1
Case #754: 8 16 4 4 4 4 4 4 1
Case #755: 6 15 8 5 5 5 3
Case #756: 7 16 7 4 4 4 4 2
Case #757: 7 16 7 7 5 4 1 1
Case #758: 7 16 7 5 5 3 3 2
Case #759: 6 15 8 7 5 3 3
Case #760: 5 16 13 7 4 1
Case #761: 7 20 5 5 5 4 1 1
Case #762: 8 16 6 4 3 3 3 3 3
Case #763: 9 27 7 1 1 1 1 1 1 1
Case #764: 6 14 7 6 5 5 4
Case #765: 3 18 17 6
Case #766: 3 23 17 1
Case #767: 6 20 8 4 4 4 1
Case #768: -1
Case #769: 8 16 6 5 3 3 3 3 2
Case #770: 4 27 7 6 1
Case #771: 8 12 11 3 3 3 3 3 3
Case #772: 37 5 1 1 1 1 1 1 1 1 1 1 1 1 1 1 1 1 1 1 1 1 1 1 1 1 1 1 1 1 1 1 1 1 1 1 1 1
Case #773: 6 15 13 4 4 3 2
Case #774: 8 8 7 5 5 5 4 4 3
Case #775: 7 20 5 4 4 3 3 2
Case #776: -1
Case #777: 10 10 4 4 4 4 4 3 3 3 2
Case #778: 6 24 5 4 3 3 2
Case #779: -1
Case #780: 3 32 7 2
Case #781: 7 20 5 4 3 3 3 3
Case #782: 7 16 6 5 4 4 3 3
Case #783: 6 17 8 5 4 4 3
Case #784: -1
Case #785: -1
Case #786: 5 22 9 6 3 1
Case #787: 6 21 5 5 5 3 2
Case #788: 6 18 7 5 5 4 2
Case #789: 4 22 14 3 2
Case #790: 7 12 6 5 5 5 4 4
Case #791: 8 10 6 5 4 4 4 4 4
Case #792: 6 17 10 5 3 3 3
Case #793: 11 12 3 3 3 3 3 3 3 3 3 2
Case #794: 6 21 7 5 3 3 2
Case #795: 6 22 9 7 1 1 1
Case #796: 4 25 11 4 1
Case #797: 10 29 4 1 1 1 1 1 1 1 1
Case #798: 6 13 10 7 5 3 3
Case #799: 5 27 5 4 4 1
Case #800: 8 16 5 5 5 3 3 3 1
Case #801: -1
Case #802: 7 14 8 4 4 4 4 3
Case #803: 5 19 10 6 3 3
Case #804: -1
Case #805: 4 27 7 5 2
Case #806: 6 22 10 5 2 1 1
Case #807: 4 24 11 3 3
Case #808: 6 19 10 4 3 3 2
Case #809: -1
Case #810: -1
Case #811: 7 13 12 4 4 3 3 2
Case #812: -1
Case #813: 17 22 4 1 1 1 1 1 1 1 1 1 1 1 1 1 1 1
Case #814: 2 40 1
Case #815: 8 12 6 5 5 5 3 3 2
Case #816: 7 20 4 4 4 4 3 2
Case #817: 4 17 13 8 3
Case #818: 6 15 11 5 5 3 2
Case #819: 9 10 8 4 4 4 4 4 2 1
Case #820: -1
Case #821: 6 15 11 4 4 4 3
Case #822: 9 16 4 3 3 3 3 3 3 3
Case #823: -1
Case #824: -1
Case #825: 10 10 6 4 3 3 3 3 3 3 3
Case #826: 6 17 12 5 3 3 1
Case #827: 6 17 12 4 3 3 2
Case #828: 7 18 8 4 3 3 3 2
Case #829: 6 13 12 5 5 3 3
Case #830: 7 27 7 3 1 1 1 1
Case #831: -1
Case #832: 10 10 7 4 3 3 3 3 3 3 2
Case #833: -1
Case #834: 6 18 9 5 3 3 3
Case #835: 7 13 12 5 3 3 3 2
Case #836: 28 14 1 1 1 1 1 1 1 1 1 1 1 1 1 1 1 1 1 1 1 1 1 1 1 1 1 1 1
Case #837: 10 31 2 1 1 1 1 1 1 1 1
Case #838: 4 19 16 3 3
Case #839: 7 19 7 7 5 1 1 1
Case #840: 7 11 10 6 4 4 4 2
Case #841: 6 24 6 3 3 3 2
Case #842: 5 36 2 1 1 1
Case #843: 7 16 7 5 4 4 3 2
Case #844: 13 25 5 1 1 1 1 1 1 1 1 1 1 1
Case #845: 8 18 6 3 3 3 3 3 2
Case #846: 7 24 3 3 3 3 3 2
Case #847: 8 14 6 4 4 4 3 3 3
Case #848: 5 21 8 5 5 2
Case #849: 8 12 6 5 4 4 4 3 3
Case #850: -1
Case #851: -1
Case #852: 3 19 17 5
Case #853: 6 11 8 7 7 5 3
Case #854: 9 14 4 4 4 4 3 3 3 2
Case #855: 8 14 4 4 4 4 4 4 3
Case #856: 7 13 10 4 4 4 3 3
Case #857: 6 35 2 1 1 1 1
Case #858: 5 24 5 4 4 4
Case #859: 6 12 11 6 5 4 3
Case #860: 6 20 10 3 3 3 2
Case #861: -1
Case #862: 6 17 8 7 4 3 2
Case #863: 9 33 1 1 1 1 1 1 1 1
Case #864: 10 32 1 1 1 1 1 1 1 1 1
Case #865: -1
Case #866: 5 28 6 3 3 1
Case #867: 6 17 10 7 3 3 1
Case #868: 9 10 5 4 4 4 4 4 3 3
Case #869: 4 23 8 7 3
Case #870: 7 16 7 4 4 4 3 3
Case #871: 5 25 9 4 2 1
Case #872: 13 29 1 1 1 1 1 1 1 1 1 1 1 1
Case #873: 10 12 6 3 3 3 3 3 3 3 2
Case #874: 4 29 8 3 1
Case #875: 7 20 6 4 3 3 3 2
Case #876: 5 26 5 4 4 2
Case #877: 7 15 7 6 4 3 3 3
Case #878: -1
Case #879: 5 15 11 6 5 4
Case #880: 9 12 6 5 4 3 3 3 3 2
Case #881: 5 23 9 4 4 1
Case #882: -1
Case #883: 5 25 7 4 3 2
Case #884: -1
Case #885: 6 18 7 4 4 4 4
Case #886: 8 10 7 5 4 4 4 4 3
Case #887: -1
Case #888: -1
Case #889: 6 22 6 4 4 3 2
Case #890: 8 12 5 5 5 4 4 4 2
Case #891: -1
Case #892: -1
Case #893: 5 27 5 5 3 1
Case #894: 6 25 4 3 3 3 3
Case #895: 8 15 7 5 3 3 3 3 2
Case #896: 6 24 7 3 3 3 1
Case #897: 5 15 11 7 4 4
Case #898: 7 11 9 7 4 4 4 2
Case #899: 5 22 7 6 4 2
Case #900: 9 8 5 5 4 4 4 4 4 3
Case #901: -1
Case #902: 5 14 13 9 4 1
Case #903: -1
Case #904: -1
Case #905: 6 20 8 4 3 3 3
Case #906: 6 21 5 5 5 4 1
Case #907: 3 32 5 4
Case #908: 9 14 4 4 4 3 3 3 3 3
Case #909: 6 22 8 3 3 3 2
Case #910: 4 30 4 4 3
Case #911: 8 12 8 4 4 4 3 3 3
Case #912: -1
Case #913: 8 16 5 4 4 3 3 3 3
Case #914: -1
Case #915: -1
Case #916: 9 10 5 5 5 4 3 3 3 3
Case #917: 7 12 11 5 4 3 3 3
Case #918: 17 24 2 1 1 1 1 1 1 1 1 1 1 1 1 1 1 1
Case #919: 6 20 6 4 4 4 3
Case #920: 8 14 6 5 4 3 3 3 3
Case #921: 7 34 2 1 1 1 1 1
Case #922: 5 24 7 4 4 2
Case #923: -1
Case #924: 6 16 7 5 5 5 3
Case #925: 5 24 8 3 3 3
Case #926: 20 22 1 1 1 1 1 1 1 1 1 1 1 1 1 1 1 1 1 1 1
Case #927: 7 18 7 5 3 3 3 2
Case #928: 7 16 6 4 4 4 4 3
Case #929: 8 12 5 5 5 5 4 4 1
Case #930: -1
Case #931: 6 17 10 4 4 3 3
Case #932: 9 32 2 1 1 1 1 1 1 1
Case #933: -1
Case #934: 6 16 11 5 3 3 3
Case #935: 5 19 14 3 3 2
Case #936: -1
Case #937: 6 12 11 6 4 4 4
Case #938: 4 28 5 5 3
Case #939: -1
Case #940: 9 14 5 5 3 3 3 3 3 2
Case #941: -1
Case #942: 9 16 4 4 3 3 3 3 3 2
Case #943: 5 25 7 3 3 3
Case #944: 4 19 16 5 1
Case #945: 5 17 16 5 2 1
Case #946: 7 14 11 4 3 3 3 3
Case #947: 5 21 8 5 4 3
Case #948: -1
Case #949: 4 32 7 1 1
Case #950: 7 21 4 4 4 3 3 2
Case #951: 26 16 1 1 1 1 1 1 1 1 1 1 1 1 1 1 1 1 1 1 1 1 1 1 1 1 1
Case #952: 5 27 5 4 3 2
Case #953: 7 15 7 6 5 5 2 1
Case #954: 5 24 10 4 2 1
Case #955: 6 16 7 6 5 4 3
Case #956: 3 27 7 7
Case #957: 7 32 4 1 1 1 1 1
Case #958: 6 21 6 5 5 3 1
Case #959: 6 12 11 9 3 3 3
Case #960: -1
Case #961: 5 13 13 8 4 3
Case #962: 8 15 8 3 3 3 3 3 3
Case #963: 23 13 7 1 1 1 1 1 1 1 1 1 1 1 1 1 1 1 1 1 1 1 1 1
Case #964: 27 11 5 1 1 1 1 1 1 1 1 1 1 1 1 1 1 1 1 1 1 1 1 1 1 1 1 1
Case #965: 4 18 17 5 1
