100
4
10 5 15 5
2
100 100
8
81 81 81 81 81 81 81 0
6
23 90 40 0 100 9
2
0 0
10
100 0 100 0 100 0 100 0 100 0
10
100 100 100 100 100 100 100 100 100 0
5
35 29 16 91 75
6
95 24 3 45 69 0
7
25 27 93 43 92 4 68
8
50 90 38 18 40 13 81 97
9
30 29 68 48 86 25 59 77 57
10
77 38 5 38 3 54 10 56 85 67
10
4 26 72 6 4 5 48 86 83 89
10
16 97 32 67 56 12 55 70 46 74
10
17 49 96 69 90 95 55 63 70 27
10
41 72 7 60 79 72 60 71 65 46
10
31 78 40 44 45 10 92 28 31 9
10
29 61 37 7 98 75 95 81 49 5
10
50 42 35 45 23 26 98 32 89 58
10
78 52 63 51 80 94 8 72 30 62
10
84 47 36 17 79 97 11 58 16 56
10
8 76 62 70 79 96 34 40 51 5
10
99 89 89 48 57 94 88 88 80 22
10
77 10 9 10 18 78 55 80 94 64
10
88 54 36 73 18 10 73 95 85 30
10
67 2 22 56 53 23 18 15 14 85
10
29 37 72 81 3 94 40 89 92 3
10
13 81 25 3 88 34 76 61 32 15
10
87 68 30 8 46 21 20 89 63 7
10
0 11 18 1 28 83 67 98 33 73
10
45 68 55 13 53 17 53 38 91 11
10
9 49 62 61 2 51 66 90 85 55
10
72 72 10 65 59 77 72 22 76 41
10
80 2 79 76 72 60 20 55 0 37
10
44 18 47 11 44 3 66 57 42 67
10
49 77 27 80 7 60 41 50 62 21
10
69 41 38 33 66 32 96 17 37 70
10
15 16 53 99 35 27 74 55 34 18
10
48 18 63 4 46 24 34 92 67 88
10
19 23 94 90 56 18 35 66 58 10
10
10 28 56 71 98 23 60 1 15 8
10
76 56 1 75 82 51 26 38 70 11
10
81 17 1 37 44 29 81 31 19 50
10
17 76 16 87 55 96 87 95 93 77
10
87 86 77 36 82 8 25 22 19 76
10
60 13 99 57 78 74 76 41 99 36
10
83 53 22 18 53 9 87 58 58 80
10
60 82 9 34 3 54 44 67 37 36
10
99 88 8 77 50 70 80 27 12 46
10
84 81 68 70 95 22 75 78 84 81
10
36 81 52 55 60 99 95 9 52 52
10
62 86 96 35 86 49 65 58 10 65
10
94 34 63 73 74 65 1 26 73 1
10
79 25 7 46 19 48 15 97 26 59
10
71 71 22 92 79 89 61 65 17 98
10
39 64 89 14 37 41 35 33 90 58
10
37 35 55 49 97 47 54 31 29 76
10
45 38 22 65 24 42 24 96 1 41
10
56 66 93 13 64 10 78 91 27 29
10
4 5 4 30 74 82 67 8 83 93
10
67 3 72 5 23 5 45 26 94 80
10
11 88 77 38 12 52 79 80 18 60
10
34 20 22 21 62 11 75 35 50 42
10
94 40 31 42 98 79 12 1 1 48
10
90 89 36 88 20 57 93 93 40 73
10
28 70 13 35 70 38 89 26 18 51
10
50 24 50 1 45 68 73 75 71 71
10
76 21 54 30 8 91 9 12 97 9
10
46 16 44 6 25 44 51 78 76 29
10
35 91 11 58 96 94 33 36 34 49
10
34 62 41 87 69 29 69 5 78 16
10
16 41 63 13 46 6 93 60 98 30
10
61 23 31 22 21 36 77 34 1 0
10
47 4 41 83 91 6 8 69 59 20
10
78 14 45 15 52 8 8 21 4 93
10
89 27 84 54 51 79 4 43 42 40
10
39 92 18 44 4 85 69 79 52 15
10
22 81 92 28 62 84 16 90 12 32
10
17 51 28 10 19 45 93 88 44 1
10
55 33 91 92 18 5 31 5 69 17
10
78 54 47 87 97 90 8 56 47 52
10
14 57 57 35 29 91 0 88 17 76
10
35 97 95 73 5 40 71 88 82 77
10
81 48 5 26 24 87 71 75 57 63
10
93 47 6 1 70 68 82 64 96 12
10
69 71 52 81 61 30 43 83 12 53
10
99 33 5 22 20 19 67 56 19 91
10
89 39 39 8 45 17 8 37 87 23
10
30 35 14 88 2 10 54 0 20 9
10
89 65 82 6 61 38 29 63 22 94
10
88 79 77 14 91 17 15 95 99 19
10
15 7 17 96 79 27 51 81 58 56
10
54 94 77 95 12 99 91 43 62 99
10
43 77 29 75 47 27 94 26 71 4
10
52 95 31 96 76 54 68 5 9 9
10
24 94 64 65 74 39 26 75 73 31
10
10 35 42 29 41 26 32 66 88 72
10
21 0 82 30 80 78 58 84 46 74
10
56 14 96 42 97 50 31 94 77 8
