100
2872729
9
1281246
6
1403870
9999996
11
9999930
615403
9999995
1264969
9999997
9309119
2
7551991
4046177
4461642
3877633
3
13
8763892
9999972
6697461
390548
5
9999163
1481717
3191803
3323191
592432
8184167
9971849
6735763
4461643
9999998
2896297
3855409
6513281
559513
1
8
3910981
6704676
140839
6537523
10000000
983469
10
9999931
3929879
5388168
9010879
9325574
5001361
8873129
2196613
1507483
8248729
4
7
5331653
9516811
3410821
7742461
9999999
3132736
9299449
1750607
9999929
3023326
5094841
9999971
6865010
5103067
4170220
2044523
9987391
7762723
4461641
9999161
12
5462959
9999162
86293
9999973
1144
4936439
7783893
9682616
928009
2610613
7203246
2360890
4751053
1862603
9999991
3702389
8237213
8460583
4125389
